B02290I9SE 1745.479622 118.363870928055,31.3089736406642 118.363587269341,31.3087890723881;118.363574254706,31.3091099661781;118.363947828005,31.3091104908306;118.363943823154,31.3092124568942;118.36412261991,31.3092202279893;118.364130649543,31.3088003785506;118.363587269341,31.3087890723881
B0FFF2GRQJ 13335.829636 118.381616294823,31.2813624076065 118.381277359209,31.2822682554601;118.382069024251,31.2822417582302;118.382011194734,31.2806494502705;118.381950220151,31.2806464898885;118.381943237508,31.2804895590655;118.381129589402,31.2804880862921;118.381277359209,31.2822682554601
B02290I9SE 1745.479622 118.363870928055,31.3089736406642 118.363587269341,31.3087890723881;118.363574254706,31.3091099661781;118.363947828005,31.3091104908306;118.363943823154,31.3092124568942;118.36412261991,31.3092202279893;118.364130649543,31.3088003785506;118.363587269341,31.3087890723881
B0FFF2GRQJ 13335.829636 118.381616294823,31.2813624076065 118.381277359209,31.2822682554601;118.382069024251,31.2822417582302;118.382011194734,31.2806494502705;118.381950220151,31.2806464898885;118.381943237508,31.2804895590655;118.381129589402,31.2804880862921;118.381277359209,31.2822682554601
B02290I9SE 1745.479622 118.363870928055,31.3089736406642 118.363587269341,31.3087890723881;118.363574254706,31.3091099661781;118.363947828005,31.3091104908306;118.363943823154,31.3092124568942;118.36412261991,31.3092202279893;118.364130649543,31.3088003785506;118.363587269341,31.3087890723881
B0FFF2GRQJ 13335.829636 118.381616294823,31.2813624076065 118.381277359209,31.2822682554601;118.382069024251,31.2822417582302;118.382011194734,31.2806494502705;118.381950220151,31.2806464898885;118.381943237508,31.2804895590655;118.381129589402,31.2804880862921;118.381277359209,31.2822682554601
B02290I9SE 1745.479622 118.363870928055,31.3089736406642 118.363587269341,31.3087890723881;118.363574254706,31.3091099661781;118.363947828005,31.3091104908306;118.363943823154,31.3092124568942;118.36412261991,31.3092202279893;118.364130649543,31.3088003785506;118.363587269341,31.3087890723881
B0FFF2GRQJ 13335.829636 118.381616294823,31.2813624076065 118.381277359209,31.2822682554601;118.382069024251,31.2822417582302;118.382011194734,31.2806494502705;118.381950220151,31.2806464898885;118.381943237508,31.2804895590655;118.381129589402,31.2804880862921;118.381277359209,31.2822682554601
B02290I9SE 1745.479622 118.363870928055,31.3089736406642 118.363587269341,31.3087890723881;118.363574254706,31.3091099661781;118.363947828005,31.3091104908306;118.363943823154,31.3092124568942;118.36412261991,31.3092202279893;118.364130649543,31.3088003785506;118.363587269341,31.3087890723881
B0FFF2GRQJ 13335.829636 118.381616294823,31.2813624076065 118.381277359209,31.2822682554601;118.382069024251,31.2822417582302;118.382011194734,31.2806494502705;118.381950220151,31.2806464898885;118.381943237508,31.2804895590655;118.381129589402,31.2804880862921;118.381277359209,31.2822682554601
B02290I9SE 1745.479622 118.363870928055,31.3089736406642 118.363587269341,31.3087890723881;118.363574254706,31.3091099661781;118.363947828005,31.3091104908306;118.363943823154,31.3092124568942;118.36412261991,31.3092202279893;118.364130649543,31.3088003785506;118.363587269341,31.3087890723881
B0FFF2GRQJ 13335.829636 118.381616294823,31.2813624076065 118.381277359209,31.2822682554601;118.382069024251,31.2822417582302;118.382011194734,31.2806494502705;118.381950220151,31.2806464898885;118.381943237508,31.2804895590655;118.381129589402,31.2804880862921;118.381277359209,31.2822682554601
B02290I9SE 1745.479622 118.363870928055,31.3089736406642 118.363587269341,31.3087890723881;118.363574254706,31.3091099661781;118.363947828005,31.3091104908306;118.363943823154,31.3092124568942;118.36412261991,31.3092202279893;118.364130649543,31.3088003785506;118.363587269341,31.3087890723881
B0FFF2GRQJ 13335.829636 118.381616294823,31.2813624076065 118.381277359209,31.2822682554601;118.382069024251,31.2822417582302;118.382011194734,31.2806494502705;118.381950220151,31.2806464898885;118.381943237508,31.2804895590655;118.381129589402,31.2804880862921;118.381277359209,31.2822682554601
B02290I9SE 1745.479622 118.363870928055,31.3089736406642 118.363587269341,31.3087890723881;118.363574254706,31.3091099661781;118.363947828005,31.3091104908306;118.363943823154,31.3092124568942;118.36412261991,31.3092202279893;118.364130649543,31.3088003785506;118.363587269341,31.3087890723881
B0FFF2GRQJ 13335.829636 118.381616294823,31.2813624076065 118.381277359209,31.2822682554601;118.382069024251,31.2822417582302;118.382011194734,31.2806494502705;118.381950220151,31.2806464898885;118.381943237508,31.2804895590655;118.381129589402,31.2804880862921;118.381277359209,31.2822682554601
B02290I9SE 1745.479622 118.363870928055,31.3089736406642 118.363587269341,31.3087890723881;118.363574254706,31.3091099661781;118.363947828005,31.3091104908306;118.363943823154,31.3092124568942;118.36412261991,31.3092202279893;118.364130649543,31.3088003785506;118.363587269341,31.3087890723881
B0FFF2GRQJ 13335.829636 118.381616294823,31.2813624076065 118.381277359209,31.2822682554601;118.382069024251,31.2822417582302;118.382011194734,31.2806494502705;118.381950220151,31.2806464898885;118.381943237508,31.2804895590655;118.381129589402,31.2804880862921;118.381277359209,31.2822682554601
B02290I9SE 1745.479622 118.363870928055,31.3089736406642 118.363587269341,31.3087890723881;118.363574254706,31.3091099661781;118.363947828005,31.3091104908306;118.363943823154,31.3092124568942;118.36412261991,31.3092202279893;118.364130649543,31.3088003785506;118.363587269341,31.3087890723881
B0FFF2GRQJ 13335.829636 118.381616294823,31.2813624076065 118.381277359209,31.2822682554601;118.382069024251,31.2822417582302;118.382011194734,31.2806494502705;118.381950220151,31.2806464898885;118.381943237508,31.2804895590655;118.381129589402,31.2804880862921;118.381277359209,31.2822682554601
B02290I9SE 1745.479622 118.363870928055,31.3089736406642 118.363587269341,31.3087890723881;118.363574254706,31.3091099661781;118.363947828005,31.3091104908306;118.363943823154,31.3092124568942;118.36412261991,31.3092202279893;118.364130649543,31.3088003785506;118.363587269341,31.3087890723881
B0FFF2GRQJ 13335.829636 118.381616294823,31.2813624076065 118.381277359209,31.2822682554601;118.382069024251,31.2822417582302;118.382011194734,31.2806494502705;118.381950220151,31.2806464898885;118.381943237508,31.2804895590655;118.381129589402,31.2804880862921;118.381277359209,31.2822682554601
B02290I9SE 1745.479622 118.363870928055,31.3089736406642 118.363587269341,31.3087890723881;118.363574254706,31.3091099661781;118.363947828005,31.3091104908306;118.363943823154,31.3092124568942;118.36412261991,31.3092202279893;118.364130649543,31.3088003785506;118.363587269341,31.3087890723881
B0FFF2GRQJ 13335.829636 118.381616294823,31.2813624076065 118.381277359209,31.2822682554601;118.382069024251,31.2822417582302;118.382011194734,31.2806494502705;118.381950220151,31.2806464898885;118.381943237508,31.2804895590655;118.381129589402,31.2804880862921;118.381277359209,31.2822682554601
B02290I9SE 1745.479622 118.363870928055,31.3089736406642 118.363587269341,31.3087890723881;118.363574254706,31.3091099661781;118.363947828005,31.3091104908306;118.363943823154,31.3092124568942;118.36412261991,31.3092202279893;118.364130649543,31.3088003785506;118.363587269341,31.3087890723881
B0FFF2GRQJ 13335.829636 118.381616294823,31.2813624076065 118.381277359209,31.2822682554601;118.382069024251,31.2822417582302;118.382011194734,31.2806494502705;118.381950220151,31.2806464898885;118.381943237508,31.2804895590655;118.381129589402,31.2804880862921;118.381277359209,31.2822682554601
B02290I9SE 1745.479622 118.363870928055,31.3089736406642 118.363587269341,31.3087890723881;118.363574254706,31.3091099661781;118.363947828005,31.3091104908306;118.363943823154,31.3092124568942;118.36412261991,31.3092202279893;118.364130649543,31.3088003785506;118.363587269341,31.3087890723881
B0FFF2GRQJ 13335.829636 118.381616294823,31.2813624076065 118.381277359209,31.2822682554601;118.382069024251,31.2822417582302;118.382011194734,31.2806494502705;118.381950220151,31.2806464898885;118.381943237508,31.2804895590655;118.381129589402,31.2804880862921;118.381277359209,31.2822682554601
B02290I9SE 1745.479622 118.363870928055,31.3089736406642 118.363587269341,31.3087890723881;118.363574254706,31.3091099661781;118.363947828005,31.3091104908306;118.363943823154,31.3092124568942;118.36412261991,31.3092202279893;118.364130649543,31.3088003785506;118.363587269341,31.3087890723881
B0FFF2GRQJ 13335.829636 118.381616294823,31.2813624076065 118.381277359209,31.2822682554601;118.382069024251,31.2822417582302;118.382011194734,31.2806494502705;118.381950220151,31.2806464898885;118.381943237508,31.2804895590655;118.381129589402,31.2804880862921;118.381277359209,31.2822682554601
B02290I9SE 1745.479622 118.363870928055,31.3089736406642 118.363587269341,31.3087890723881;118.363574254706,31.3091099661781;118.363947828005,31.3091104908306;118.363943823154,31.3092124568942;118.36412261991,31.3092202279893;118.364130649543,31.3088003785506;118.363587269341,31.3087890723881
B0FFF2GRQJ 13335.829636 118.381616294823,31.2813624076065 118.381277359209,31.2822682554601;118.382069024251,31.2822417582302;118.382011194734,31.2806494502705;118.381950220151,31.2806464898885;118.381943237508,31.2804895590655;118.381129589402,31.2804880862921;118.381277359209,31.2822682554601
B02290I9SE 1745.479622 118.363870928055,31.3089736406642 118.363587269341,31.3087890723881;118.363574254706,31.3091099661781;118.363947828005,31.3091104908306;118.363943823154,31.3092124568942;118.36412261991,31.3092202279893;118.364130649543,31.3088003785506;118.363587269341,31.3087890723881
B0FFF2GRQJ 13335.829636 118.381616294823,31.2813624076065 118.381277359209,31.2822682554601;118.382069024251,31.2822417582302;118.382011194734,31.2806494502705;118.381950220151,31.2806464898885;118.381943237508,31.2804895590655;118.381129589402,31.2804880862921;118.381277359209,31.2822682554601
B02290I9SE 1745.479622 118.363870928055,31.3089736406642 118.363587269341,31.3087890723881;118.363574254706,31.3091099661781;118.363947828005,31.3091104908306;118.363943823154,31.3092124568942;118.36412261991,31.3092202279893;118.364130649543,31.3088003785506;118.363587269341,31.3087890723881
B0FFF2GRQJ 13335.829636 118.381616294823,31.2813624076065 118.381277359209,31.2822682554601;118.382069024251,31.2822417582302;118.382011194734,31.2806494502705;118.381950220151,31.2806464898885;118.381943237508,31.2804895590655;118.381129589402,31.2804880862921;118.381277359209,31.2822682554601
B02290I9SE 1745.479622 118.363870928055,31.3089736406642 118.363587269341,31.3087890723881;118.363574254706,31.3091099661781;118.363947828005,31.3091104908306;118.363943823154,31.3092124568942;118.36412261991,31.3092202279893;118.364130649543,31.3088003785506;118.363587269341,31.3087890723881
B0FFF2GRQJ 13335.829636 118.381616294823,31.2813624076065 118.381277359209,31.2822682554601;118.382069024251,31.2822417582302;118.382011194734,31.2806494502705;118.381950220151,31.2806464898885;118.381943237508,31.2804895590655;118.381129589402,31.2804880862921;118.381277359209,31.2822682554601
B02290I9SE 1745.479622 118.363870928055,31.3089736406642 118.363587269341,31.3087890723881;118.363574254706,31.3091099661781;118.363947828005,31.3091104908306;118.363943823154,31.3092124568942;118.36412261991,31.3092202279893;118.364130649543,31.3088003785506;118.363587269341,31.3087890723881
B0FFF2GRQJ 13335.829636 118.381616294823,31.2813624076065 118.381277359209,31.2822682554601;118.382069024251,31.2822417582302;118.382011194734,31.2806494502705;118.381950220151,31.2806464898885;118.381943237508,31.2804895590655;118.381129589402,31.2804880862921;118.381277359209,31.2822682554601
