B02290I9F9 14750.750576 118.427686896155,31.3544841785203 118.428412209204,31.3550170014048;118.426898396548,31.3550039454997;118.426915513231,31.3540742761998;118.426936557116,31.3540143240806;118.4269906588,31.3539824067126;118.427184014517,31.3539646710823;118.428414311511,31.3539473587176;118.428473421052,31.3539754318192;118.428436257091,31.3549920431699;118.428412209204,31.3550170014048
B02290HXZA 4126.133752 118.356044291044,31.3365553113226 118.35568475948,31.3368967273713;118.355707786975,31.3362499206807;118.356356889661,31.3362269634556;118.356401826097,31.3362458903528;118.356423792952,31.3362778466336;118.356429763458,31.336508756461;118.356402785703,31.3366697396365;118.356364832468,31.3367287749612;118.356281938152,31.3368208652202;118.35615610427,31.3369030228577;118.35568475948,31.3368967273713
B022900307 3413.294496 118.37955486891,31.3399245287882 118.379858745346,31.3395724331664;118.379935655785,31.3401211873486;118.379348946408,31.3402555635326;118.379073135528,31.3398069231037;118.379858745346,31.3395724331664
B022900840 7347.748717 118.379711556012,31.3424345453537 118.379844544466,31.3418246610193;118.379074907,31.3422700672109;118.37957857055,31.3430204390629;118.380340222286,31.3426470281493;118.379844544466,31.3418246610193
B022900878 21379.038943 118.328785021395,30.9167335653983 118.327833714406,30.917369006;118.327882737843,30.9161086533807;118.328942787176,30.9161166275961;118.329794224555,30.9161190067538;118.329754225598,30.9169196120924;118.32962744475,30.917066766498;118.329429777334,30.9173989469875;118.327833714406,30.917369006
B02290I28B 7660.751261 118.368969091009,31.4117382845636 118.36848052164,31.4121747141361;118.369539519046,31.4120995644332;118.369442678175,31.411358864494;118.369354766692,31.4112939775172;118.368494583207,31.411361911959;118.368421641761,31.4114969583001;118.36848052164,31.4121747141361
B02290I9C9 102777.993751 118.263510607784,31.2220711352334 118.261701134699,31.2235416755506;118.261615169608,31.2234637674449;118.261610431908,31.2205711268475;118.264962113708,31.2205817648357;118.265395895696,31.2207283618788;118.265438630274,31.2234430558285;118.26529968578,31.2235671057444;118.261701134699,31.2235416755506
B02290I28D 1839.913258 118.368595860418,31.3964998467565 118.368336094834,31.3967000819905;118.36830116086,31.3963562181396;118.368318146073,31.3963362046239;118.368856627395,31.396301612132;118.368891560711,31.3966604723865;118.368336094834,31.3967000819905
B0FFFGVZ9O 12447.756645 118.421013092877,31.3705468732538 118.420422143874,31.3711190678194;118.421802278821,31.3709626045116;118.42161506314,31.3701206608475;118.421383716113,31.369980451393;118.420269007904,31.3701052245906;118.420422143874,31.3711190678194
B022900ROI 2363.885242 118.35600026083,31.3375450288569 118.356078129362,31.3378008233181;118.355651731954,31.3376954961892;118.355727653668,31.3373954879312;118.355953351886,31.3372631976549;118.356087165238,31.3372759941158;118.356356767996,31.3375484987782;118.356322801303,31.3376944977924;118.35621294899,31.3377356460678;118.356078129362,31.3378008233181
B0FFFYLQBI 20364.851178 118.42771081613,31.3558387634002 118.426885233388,31.3565174288292;118.428535305669,31.3565096808859;118.428548448741,31.3552251227824;118.428460287974,31.3551520237884;118.426923426172,31.3551779212547;118.426869320242,31.3552578229606;118.426885233388,31.3565174288292
B02290I9S8 3731.712230 118.381596087241,31.4027525656781 118.381239218473,31.4030227242488;118.381233273434,31.4024578828184;118.381967955712,31.4024804033109;118.381938914304,31.4030572636939;118.381239218473,31.4030227242488
B02290HVIC 1880.973142 118.471920523095,31.2092453218072 118.471648562559,31.2094584629344;118.471730888742,31.2089989123192;118.472217569551,31.2090612381143;118.472144297456,31.2092599383845;118.472133240207,31.2094698068822;118.471648562559,31.2094584629344
B02290I9SE 1745.479622 118.363870928055,31.3089736406642 118.363587269341,31.3087890723881;118.363574254706,31.3091099661781;118.363947828005,31.3091104908306;118.363943823154,31.3092124568942;118.36412261991,31.3092202279893;118.364130649543,31.3088003785506;118.363587269341,31.3087890723881
B02290I8VJ 37146.725834 118.569160073216,31.1252648355332 118.567571832023,31.1257278590192;118.567722139205,31.1246556071595;118.567754206768,31.1244017803034;118.570542927146,31.1247485273104;118.570744157076,31.1250355704595;118.570531791821,31.1261417627804;118.567571832023,31.1257278590192
B02290I6XG 4025.884474 118.347234204139,31.3833071174865 118.347256126899,31.3837629451339;118.347095385136,31.3837642154307;118.346990564491,31.3836494262933;118.346923681323,31.3835515682701;118.346934672912,31.3834505797266;118.346955643533,31.3834025585998;118.346958642295,31.3833635651332;118.346843850213,31.3831168324426;118.347491834738,31.3828338255024;118.34762258999,31.3832204911321;118.347400934662,31.3833288307207;118.347507741981,31.3835635816471;118.347256126899,31.3837629451339
B022900NHL 4512.291420 118.377046606136,31.3367275845672 118.376489958098,31.3367780288147;118.377197477042,31.3371033292143;118.377414341886,31.3371161490835;118.377479312395,31.3370051358313;118.37737542681,31.3364554129134;118.377311466953,31.3364474674188;118.377287483805,31.3364254945859;118.376774812301,31.3363629370833;118.376489958098,31.3367780288147
B0FFFSACUK 24605.832468 118.62948357422,31.1466116569599 118.628224534928,31.1460396705348;118.628272465724,31.1460106215519;118.630823520223,31.146178015507;118.630739572372,31.147099647681;118.63057981447,31.1472138126951;118.628284356135,31.1470600516049;118.62816055426,31.1469122956189;118.628224534928,31.1460396705348
B0FFGN3WKX 396.159843 118.363473822627,31.3367339463122 118.363470813365,31.3368719016291;118.363318006703,31.3366891619586;118.363474834283,31.3365949939259;118.363630638324,31.3367777304762;118.363470813365,31.3368719016291
B0229156MZ 6225.612093 118.357878955266,31.399846676753 118.35719584627,31.4001295874932;118.358480139983,31.4000597573741;118.358534071188,31.4000376867901;118.3585610395,31.3999976595608;118.358592005459,31.399926635272;118.358573064115,31.3995607637153;118.357154945874,31.3996507799122;118.35719584627,31.4001295874932
B0FFIA5GRT 2533.171369 118.359810885298,31.4058243105819 118.359594134408,31.4061225312503;118.36008451393,31.406085861649;118.360033629525,31.4055320814363;118.359536260759,31.4055577644222;118.359594134408,31.4061225312503
B0FFGBMHCM 719.018943 118.382640052673,31.3444929010754 118.382414136478,31.3445340242883;118.38234717203,31.3444350993102;118.382468131683,31.3443570519915;118.382510111362,31.3444000116722;118.382775005333,31.3444508344464;118.382862974792,31.3444247909331;118.382929937943,31.3445547066584;118.382845964599,31.3446037396798;118.382414136478,31.3445340242883
B0FFGBKJPO 2445.190455 118.355068789669,31.3459515153024 118.35503681145,31.3462054769765;118.35534038137,31.3462290110859;118.355399340233,31.3457770766876;118.35477722553,31.3457050411489;118.354759250521,31.3457110663873;118.354716276787,31.3460890026304;118.355048803164,31.3461114909108;118.35503681145,31.3462054769765
B0FFF2GRQJ 13335.829636 118.381616294823,31.2813624076065 118.381277359209,31.2822682554601;118.382069024251,31.2822417582302;118.382011194734,31.2806494502705;118.381950220151,31.2806464898885;118.381943237508,31.2804895590655;118.381129589402,31.2804880862921;118.381277359209,31.2822682554601
B02290I9F9 14750.750576 118.427686896155,31.3544841785203 118.428412209204,31.3550170014048;118.426898396548,31.3550039454997;118.426915513231,31.3540742761998;118.426936557116,31.3540143240806;118.4269906588,31.3539824067126;118.427184014517,31.3539646710823;118.428414311511,31.3539473587176;118.428473421052,31.3539754318192;118.428436257091,31.3549920431699;118.428412209204,31.3550170014048
B02290HXZA 4126.133752 118.356044291044,31.3365553113226 118.35568475948,31.3368967273713;118.355707786975,31.3362499206807;118.356356889661,31.3362269634556;118.356401826097,31.3362458903528;118.356423792952,31.3362778466336;118.356429763458,31.336508756461;118.356402785703,31.3366697396365;118.356364832468,31.3367287749612;118.356281938152,31.3368208652202;118.35615610427,31.3369030228577;118.35568475948,31.3368967273713
B022900307 3413.294496 118.37955486891,31.3399245287882 118.379858745346,31.3395724331664;118.379935655785,31.3401211873486;118.379348946408,31.3402555635326;118.379073135528,31.3398069231037;118.379858745346,31.3395724331664
B022900840 7347.748717 118.379711556012,31.3424345453537 118.379844544466,31.3418246610193;118.379074907,31.3422700672109;118.37957857055,31.3430204390629;118.380340222286,31.3426470281493;118.379844544466,31.3418246610193
B022900878 21379.038943 118.328785021395,30.9167335653983 118.327833714406,30.917369006;118.327882737843,30.9161086533807;118.328942787176,30.9161166275961;118.329794224555,30.9161190067538;118.329754225598,30.9169196120924;118.32962744475,30.917066766498;118.329429777334,30.9173989469875;118.327833714406,30.917369006
B02290I28B 7660.751261 118.368969091009,31.4117382845636 118.36848052164,31.4121747141361;118.369539519046,31.4120995644332;118.369442678175,31.411358864494;118.369354766692,31.4112939775172;118.368494583207,31.411361911959;118.368421641761,31.4114969583001;118.36848052164,31.4121747141361
B02290I9C9 102777.993751 118.263510607784,31.2220711352334 118.261701134699,31.2235416755506;118.261615169608,31.2234637674449;118.261610431908,31.2205711268475;118.264962113708,31.2205817648357;118.265395895696,31.2207283618788;118.265438630274,31.2234430558285;118.26529968578,31.2235671057444;118.261701134699,31.2235416755506
B02290I28D 1839.913258 118.368595860418,31.3964998467565 118.368336094834,31.3967000819905;118.36830116086,31.3963562181396;118.368318146073,31.3963362046239;118.368856627395,31.396301612132;118.368891560711,31.3966604723865;118.368336094834,31.3967000819905
B0FFFGVZ9O 12447.756645 118.421013092877,31.3705468732538 118.420422143874,31.3711190678194;118.421802278821,31.3709626045116;118.42161506314,31.3701206608475;118.421383716113,31.369980451393;118.420269007904,31.3701052245906;118.420422143874,31.3711190678194
B022900ROI 2363.885242 118.35600026083,31.3375450288569 118.356078129362,31.3378008233181;118.355651731954,31.3376954961892;118.355727653668,31.3373954879312;118.355953351886,31.3372631976549;118.356087165238,31.3372759941158;118.356356767996,31.3375484987782;118.356322801303,31.3376944977924;118.35621294899,31.3377356460678;118.356078129362,31.3378008233181
B0FFFYLQBI 20364.851178 118.42771081613,31.3558387634002 118.426885233388,31.3565174288292;118.428535305669,31.3565096808859;118.428548448741,31.3552251227824;118.428460287974,31.3551520237884;118.426923426172,31.3551779212547;118.426869320242,31.3552578229606;118.426885233388,31.3565174288292
B02290I9S8 3731.712230 118.381596087241,31.4027525656781 118.381239218473,31.4030227242488;118.381233273434,31.4024578828184;118.381967955712,31.4024804033109;118.381938914304,31.4030572636939;118.381239218473,31.4030227242488
B02290HVIC 1880.973142 118.471920523095,31.2092453218072 118.471648562559,31.2094584629344;118.471730888742,31.2089989123192;118.472217569551,31.2090612381143;118.472144297456,31.2092599383845;118.472133240207,31.2094698068822;118.471648562559,31.2094584629344
B02290I9SE 1745.479622 118.363870928055,31.3089736406642 118.363587269341,31.3087890723881;118.363574254706,31.3091099661781;118.363947828005,31.3091104908306;118.363943823154,31.3092124568942;118.36412261991,31.3092202279893;118.364130649543,31.3088003785506;118.363587269341,31.3087890723881
B02290I8VJ 37146.725834 118.569160073216,31.1252648355332 118.567571832023,31.1257278590192;118.567722139205,31.1246556071595;118.567754206768,31.1244017803034;118.570542927146,31.1247485273104;118.570744157076,31.1250355704595;118.570531791821,31.1261417627804;118.567571832023,31.1257278590192
B02290I6XG 4025.884474 118.347234204139,31.3833071174865 118.347256126899,31.3837629451339;118.347095385136,31.3837642154307;118.346990564491,31.3836494262933;118.346923681323,31.3835515682701;118.346934672912,31.3834505797266;118.346955643533,31.3834025585998;118.346958642295,31.3833635651332;118.346843850213,31.3831168324426;118.347491834738,31.3828338255024;118.34762258999,31.3832204911321;118.347400934662,31.3833288307207;118.347507741981,31.3835635816471;118.347256126899,31.3837629451339
B022900NHL 4512.291420 118.377046606136,31.3367275845672 118.376489958098,31.3367780288147;118.377197477042,31.3371033292143;118.377414341886,31.3371161490835;118.377479312395,31.3370051358313;118.37737542681,31.3364554129134;118.377311466953,31.3364474674188;118.377287483805,31.3364254945859;118.376774812301,31.3363629370833;118.376489958098,31.3367780288147
B0FFFSACUK 24605.832468 118.62948357422,31.1466116569599 118.628224534928,31.1460396705348;118.628272465724,31.1460106215519;118.630823520223,31.146178015507;118.630739572372,31.147099647681;118.63057981447,31.1472138126951;118.628284356135,31.1470600516049;118.62816055426,31.1469122956189;118.628224534928,31.1460396705348
B0FFGN3WKX 396.159843 118.363473822627,31.3367339463122 118.363470813365,31.3368719016291;118.363318006703,31.3366891619586;118.363474834283,31.3365949939259;118.363630638324,31.3367777304762;118.363470813365,31.3368719016291
B0229156MZ 6225.612093 118.357878955266,31.399846676753 118.35719584627,31.4001295874932;118.358480139983,31.4000597573741;118.358534071188,31.4000376867901;118.3585610395,31.3999976595608;118.358592005459,31.399926635272;118.358573064115,31.3995607637153;118.357154945874,31.3996507799122;118.35719584627,31.4001295874932
B0FFIA5GRT 2533.171369 118.359810885298,31.4058243105819 118.359594134408,31.4061225312503;118.36008451393,31.406085861649;118.360033629525,31.4055320814363;118.359536260759,31.4055577644222;118.359594134408,31.4061225312503
B0FFGBMHCM 719.018943 118.382640052673,31.3444929010754 118.382414136478,31.3445340242883;118.38234717203,31.3444350993102;118.382468131683,31.3443570519915;118.382510111362,31.3444000116722;118.382775005333,31.3444508344464;118.382862974792,31.3444247909331;118.382929937943,31.3445547066584;118.382845964599,31.3446037396798;118.382414136478,31.3445340242883
B0FFGBKJPO 2445.190455 118.355068789669,31.3459515153024 118.35503681145,31.3462054769765;118.35534038137,31.3462290110859;118.355399340233,31.3457770766876;118.35477722553,31.3457050411489;118.354759250521,31.3457110663873;118.354716276787,31.3460890026304;118.355048803164,31.3461114909108;118.35503681145,31.3462054769765
B0FFF2GRQJ 13335.829636 118.381616294823,31.2813624076065 118.381277359209,31.2822682554601;118.382069024251,31.2822417582302;118.382011194734,31.2806494502705;118.381950220151,31.2806464898885;118.381943237508,31.2804895590655;118.381129589402,31.2804880862921;118.381277359209,31.2822682554601
