B02290HXZA 4126.133752 118.356044291044,31.3365553113226 118.35568475948,31.3368967273713;118.355707786975,31.3362499206807;118.356356889661,31.3362269634556;118.356401826097,31.3362458903528;118.356423792952,31.3362778466336;118.356429763458,31.336508756461;118.356402785703,31.3366697396365;118.356364832468,31.3367287749612;118.356281938152,31.3368208652202;118.35615610427,31.3369030228577;118.35568475948,31.3368967273713
B022900307 3413.294496 118.37955486891,31.3399245287882 118.379858745346,31.3395724331664;118.379935655785,31.3401211873486;118.379348946408,31.3402555635326;118.379073135528,31.3398069231037;118.379858745346,31.3395724331664
B022900840 7347.748717 118.379711556012,31.3424345453537 118.379844544466,31.3418246610193;118.379074907,31.3422700672109;118.37957857055,31.3430204390629;118.380340222286,31.3426470281493;118.379844544466,31.3418246610193
B022900ROI 2363.885242 118.35600026083,31.3375450288569 118.356078129362,31.3378008233181;118.355651731954,31.3376954961892;118.355727653668,31.3373954879312;118.355953351886,31.3372631976549;118.356087165238,31.3372759941158;118.356356767996,31.3375484987782;118.356322801303,31.3376944977924;118.35621294899,31.3377356460678;118.356078129362,31.3378008233181
B02290HVIC 1880.973142 118.471920523095,31.2092453218072 118.471648562559,31.2094584629344;118.471730888742,31.2089989123192;118.472217569551,31.2090612381143;118.472144297456,31.2092599383845;118.472133240207,31.2094698068822;118.471648562559,31.2094584629344
B02290I6XG 4025.884474 118.347234204139,31.3833071174865 118.347256126899,31.3837629451339;118.347095385136,31.3837642154307;118.346990564491,31.3836494262933;118.346923681323,31.3835515682701;118.346934672912,31.3834505797266;118.346955643533,31.3834025585998;118.346958642295,31.3833635651332;118.346843850213,31.3831168324426;118.347491834738,31.3828338255024;118.34762258999,31.3832204911321;118.347400934662,31.3833288307207;118.347507741981,31.3835635816471;118.347256126899,31.3837629451339
B022900NHL 4512.291420 118.377046606136,31.3367275845672 118.376489958098,31.3367780288147;118.377197477042,31.3371033292143;118.377414341886,31.3371161490835;118.377479312395,31.3370051358313;118.37737542681,31.3364554129134;118.377311466953,31.3364474674188;118.377287483805,31.3364254945859;118.376774812301,31.3363629370833;118.376489958098,31.3367780288147
B0FFGN3WKX 396.159843 118.363473822627,31.3367339463122 118.363470813365,31.3368719016291;118.363318006703,31.3366891619586;118.363474834283,31.3365949939259;118.363630638324,31.3367777304762;118.363470813365,31.3368719016291
B0FFGBMHCM 719.018943 118.382640052673,31.3444929010754 118.382414136478,31.3445340242883;118.38234717203,31.3444350993102;118.382468131683,31.3443570519915;118.382510111362,31.3444000116722;118.382775005333,31.3444508344464;118.382862974792,31.3444247909331;118.382929937943,31.3445547066584;118.382845964599,31.3446037396798;118.382414136478,31.3445340242883
B0FFGBKJPO 2445.190455 118.355068789669,31.3459515153024 118.35503681145,31.3462054769765;118.35534038137,31.3462290110859;118.355399340233,31.3457770766876;118.35477722553,31.3457050411489;118.354759250521,31.3457110663873;118.354716276787,31.3460890026304;118.355048803164,31.3461114909108;118.35503681145,31.3462054769765
