B0236008NC 12108.661075 117.486187286526,30.6678146778224 117.48551401789,30.6678446658395;117.485736755741,30.6679702694702;117.485991596317,30.6681609391571;117.486142095833,30.668242349046;117.486535390588,30.6685843620426;117.486748085857,30.6688308822195;117.487069178051,30.6687378799123;117.486656857744,30.6679450141553;117.48651539318,30.6678056569306;117.486406052533,30.6674944733874;117.48638700469,30.6673124994612;117.486306734986,30.6673032651278;117.486249551751,30.6671981429797;117.486231501185,30.667084141127;117.486115120763,30.6669548541317;117.485727818097,30.666942709883;117.485638510866,30.6670184105458;117.485577286814,30.6672201373226;117.485530105515,30.6674718830113;117.48551401789,30.6678446658395
B02360MK1M 85972.856530 117.563182263004,30.689929226732 117.56150959949,30.6898910114882;117.561375359455,30.6901207184243;117.561311239561,30.6902865516007;117.561337263225,30.6905034847858;117.561541562223,30.6909075740541;117.561832007053,30.6912188225002;117.562100432574,30.6913021457447;117.562815565636,30.6913400791919;117.562702363465,30.6916118011746;117.562723383148,30.6917647563459;117.562847570438,30.6918568761188;117.563518613816,30.6918527500418;117.56386314289,30.6918302009211;117.564556310892,30.69041074383;117.564741636117,30.6898392433755;117.564861860622,30.6893046439433;117.564948055921,30.6885261171824;117.564894981144,30.6884890696715;117.563648120095,30.6883585693996;117.562772775858,30.6881865141357;117.562428239736,30.6880841061385;117.562316060591,30.6880889541934;117.562240933714,30.6881668169488;117.562154758155,30.6885935000461;117.561966401543,30.68920395801;117.56177806773,30.6895365455761;117.56150959949,30.6898910114882
B0236001FF 1244.811159 117.480861640351,30.6662926669714 117.481165633585,30.6664274947346;117.480591740807,30.666381838186;117.480528537163,30.6663266787081;117.480539587231,30.6661757793779;117.481165655,30.6661906022158;117.481165633585,30.6664274947346
B023600215 2135.855678 117.479345054764,30.6617483000105 117.479597849726,30.6621388590089;117.478981862579,30.6617622396585;117.479274855066,30.6614082489709;117.479294921349,30.6614033094586;117.479633010852,30.661633188647;117.47943132713,30.6618684965953;117.479685145892,30.6620361590825;117.479597849726,30.6621388590089
B0236008IB 8326.583025 117.489178310992,30.66881613397 117.488582247456,30.6692871394423;117.488830158151,30.6685042362159;117.488889377434,30.6682985066904;117.489077017654,30.6682560863873;117.489221507295,30.6682625150916;117.489364990426,30.6683049245049;117.489793426678,30.6685111112878;117.489596696456,30.669202208294;117.489233469766,30.6691321547524;117.489142133572,30.6694247484852;117.488582247456,30.6692871394423
B023600W8D 5558.255885 117.496748617922,30.6632393441986 117.49638132435,30.6636740471325;117.497086733261,30.6636811582717;117.497107880488,30.6628435992448;117.497000518108,30.6627952992653;117.496421540588,30.6627935646298;117.49638132435,30.6636740471325
B023600214 13643.471596 117.475193580927,30.6617063767948 117.475323899723,30.6628082520018;117.474704931784,30.6626335706147;117.474906629121,30.6620604014658;117.474904633742,30.6619384506483;117.474912681628,30.6616935836215;117.474428187137,30.6610854817927;117.474551595848,30.6609249037695;117.474984982995,30.6609211361269;117.475090308654,30.6610533762983;117.475482560527,30.6611344569517;117.475644113259,30.6607660830779;117.475956100927,30.6609538897316;117.475821654273,30.6611034384685;117.475932005414,30.6611517320412;117.475867773215,30.6614314228817;117.475536708132,30.661427479721;117.475474444932,30.6621259881427;117.475630944124,30.66217041448;117.475323899723,30.6628082520018
B023600212 4703.506792 117.489425905542,30.6604176698175 117.489444937107,30.6607855616674;117.489434907914,30.6607315559276;117.489043579487,30.6607383837102;117.489031598009,30.6600796433086;117.48979820025,30.6600769354316;117.489805161162,30.6607756429294;117.489444937107,30.6607855616674
B023600OF6 10863.563229 117.480686401817,30.6736108141623 117.479961979857,30.6739795320228;117.480229944921,30.6730657326768;117.480276100116,30.6730318827823;117.480367400783,30.6730361470828;117.481379729408,30.6732310161593;117.481271302415,30.6739843525189;117.481109770485,30.6739538938742;117.48102246013,30.6741925287536;117.480989349547,30.6742044264634;117.479961979857,30.6739795320228
B0236008NO 2931.374422 117.481662632286,30.6736176673195 117.481302422031,30.6738005281349;117.481925477238,30.6739202989874;117.482050935549,30.6734578796946;117.481377715802,30.6733079749163;117.481302422031,30.6738005281349
B023600LX9 18670.274343 117.493990986684,30.6767648998809 117.493661777358,30.677717471913;117.494460500413,30.6777628464348;117.494503649375,30.6777449841226;117.494566005647,30.6761469099877;117.494554988281,30.6759209812263;117.493706106562,30.6757345212762;117.493661934543,30.6759712795575;117.49358366759,30.6759690458688;117.493535492411,30.6760888460992;117.493473280903,30.676079663774;117.493449195839,30.6761115768152;117.493346803558,30.676589049249;117.493324706902,30.6768258735429;117.493362813711,30.6770848680709;117.493521330285,30.6773572174541;117.4936116269,30.6774864284571;117.493661777358,30.677717471913
B02360MF2U 750.486204 117.482799492859,30.6727134214396 117.482959011727,30.672854826068;117.482582765056,30.6727807530342;117.482635960683,30.672575003866;117.483017224693,30.6726450937065;117.482959011727,30.672854826068
B023600VZX 84439.547701 117.490122783694,30.6769962029077 117.489983508903,30.6747858063555;117.491457492166,30.6751370564433;117.490739835509,30.6775158089476;117.492118496769,30.677895762451;117.492344240011,30.6781893030454;117.492058192262,30.6789980707295;117.488971767829,30.6781922089842;117.488893508983,30.6781190091957;117.488887505513,30.6779310783237;117.488814266698,30.6778249088062;117.488572478199,30.6774783474568;117.488347740331,30.6772157983073;117.488176186228,30.6769164250006;117.488044776856,30.6765212157551;117.487921413988,30.6759131287196;117.488297683642,30.6759602290979;117.489148565358,30.6759917546755;117.489585043791,30.6760270426842;117.489983508903,30.6747858063555
B023600SDP 8983.732283 117.50838245492,30.681346576289 117.508258970706,30.6821418447024;117.507688080937,30.681884294722;117.508463794882,30.6805861679131;117.508550084067,30.6805794229758;117.509082841252,30.6808328585229;117.508258970706,30.6821418447024
B0236005CF 712.215826 117.486607719813,30.6565120124227 117.486440145163,30.6566194664371;117.486436145608,30.6564645235124;117.486487328464,30.6563497267259;117.486799370733,30.6564626043657;117.486798352475,30.6566275279316;117.486440145163,30.6566194664371
B0236002NZ 930.243215 117.481008703403,30.6598899826362 117.48091842303,30.6596888088023;117.481262544047,30.6598817289266;117.481100990984,30.6600861646339;117.480757872903,30.6599062422649;117.48091842303,30.6596888088023
B023600SCQ 3528.492429 117.474204870871,30.6677688293161 117.473824653167,30.6678437202262;117.474403467209,30.6681822037437;117.474692423159,30.6678221870301;117.473970161263,30.6673453578872;117.473830714169,30.6673819472512;117.473873817515,30.667755899034;117.473824653167,30.6678437202262
B0236005AY 1733.047438 117.483743473056,30.6634953971185 117.483536756362,30.6637836571752;117.48352874851,30.663573728279;117.483607010205,30.6635709603767;117.483622095149,30.6631871779477;117.483949187525,30.663200137565;117.483859835175,30.6637946055975;117.483536756362,30.6637836571752
B023600SNJ 1417.528423 117.506063931518,30.6223457799186 117.505787015831,30.6221510447845;117.506076987332,30.6222128734603;117.506432174091,30.6223128773597;117.506364933244,30.6224766116649;117.505796016595,30.6224829337234;117.505787015831,30.6221510447845
B02360MFAS 4088.996468 117.496929748321,30.6575244494759 117.497265866668,30.6578553091171;117.496579523004,30.6578492548613;117.496603665605,30.6571776267159;117.497144511476,30.657193240715;117.497293008029,30.6573116329018;117.497265866668,30.6578553091171
B0FFH7BI3X 14044.154716 117.451545858914,30.6089735408144 117.452622596395,30.6088390627875;117.452262633098,30.6093600240101;117.451600971169,30.6092615503184;117.451433517033,30.6096350190956;117.450707722276,30.6094804413226;117.45090732071,30.6083463469004;117.452665716879,30.6087242085708;117.452622596395,30.6088390627875
B0236003VS 24911.858973 117.899497188518,30.4173435144994 117.898761852085,30.4185203426781;117.898860969282,30.417548542568;117.898977119631,30.4162518088991;117.900244488825,30.4163056294119;117.900197398294,30.4172094431642;117.90015733121,30.4178623090313;117.900101291612,30.4181462565349;117.89981521241,30.418144299281;117.899706178479,30.4181743079829;117.899548128184,30.4182183195488;117.899496082708,30.4185642515399;117.898761852085,30.4185203426781
B023600200 561.737247 117.848629570872,30.6427597212967 117.848493249052,30.6428724509256;117.84849627623,30.6426415559075;117.848764889905,30.6426479892317;117.848764869964,30.6428748908699;117.848493249052,30.6428724509256
B02360MF3D 6077.977626 117.48645974343,30.6729441439191 117.485928925355,30.6732744154522;117.486538971815,30.6733751815037;117.486902218414,30.6731413692038;117.487029688099,30.672703949279;117.486162785235,30.6724704788783;117.485928925355,30.6732744154522
B0236008NC 12108.661075 117.486187286526,30.6678146778224 117.48551401789,30.6678446658395;117.485736755741,30.6679702694702;117.485991596317,30.6681609391571;117.486142095833,30.668242349046;117.486535390588,30.6685843620426;117.486748085857,30.6688308822195;117.487069178051,30.6687378799123;117.486656857744,30.6679450141553;117.48651539318,30.6678056569306;117.486406052533,30.6674944733874;117.48638700469,30.6673124994612;117.486306734986,30.6673032651278;117.486249551751,30.6671981429797;117.486231501185,30.667084141127;117.486115120763,30.6669548541317;117.485727818097,30.666942709883;117.485638510866,30.6670184105458;117.485577286814,30.6672201373226;117.485530105515,30.6674718830113;117.48551401789,30.6678446658395
B02360MK1M 85972.856530 117.563182263004,30.689929226732 117.56150959949,30.6898910114882;117.561375359455,30.6901207184243;117.561311239561,30.6902865516007;117.561337263225,30.6905034847858;117.561541562223,30.6909075740541;117.561832007053,30.6912188225002;117.562100432574,30.6913021457447;117.562815565636,30.6913400791919;117.562702363465,30.6916118011746;117.562723383148,30.6917647563459;117.562847570438,30.6918568761188;117.563518613816,30.6918527500418;117.56386314289,30.6918302009211;117.564556310892,30.69041074383;117.564741636117,30.6898392433755;117.564861860622,30.6893046439433;117.564948055921,30.6885261171824;117.564894981144,30.6884890696715;117.563648120095,30.6883585693996;117.562772775858,30.6881865141357;117.562428239736,30.6880841061385;117.562316060591,30.6880889541934;117.562240933714,30.6881668169488;117.562154758155,30.6885935000461;117.561966401543,30.68920395801;117.56177806773,30.6895365455761;117.56150959949,30.6898910114882
B0236001FF 1244.811159 117.480861640351,30.6662926669714 117.481165633585,30.6664274947346;117.480591740807,30.666381838186;117.480528537163,30.6663266787081;117.480539587231,30.6661757793779;117.481165655,30.6661906022158;117.481165633585,30.6664274947346
B023600215 2135.855678 117.479345054764,30.6617483000105 117.479597849726,30.6621388590089;117.478981862579,30.6617622396585;117.479274855066,30.6614082489709;117.479294921349,30.6614033094586;117.479633010852,30.661633188647;117.47943132713,30.6618684965953;117.479685145892,30.6620361590825;117.479597849726,30.6621388590089
B0236008IB 8326.583025 117.489178310992,30.66881613397 117.488582247456,30.6692871394423;117.488830158151,30.6685042362159;117.488889377434,30.6682985066904;117.489077017654,30.6682560863873;117.489221507295,30.6682625150916;117.489364990426,30.6683049245049;117.489793426678,30.6685111112878;117.489596696456,30.669202208294;117.489233469766,30.6691321547524;117.489142133572,30.6694247484852;117.488582247456,30.6692871394423
B023600W8D 5558.255885 117.496748617922,30.6632393441986 117.49638132435,30.6636740471325;117.497086733261,30.6636811582717;117.497107880488,30.6628435992448;117.497000518108,30.6627952992653;117.496421540588,30.6627935646298;117.49638132435,30.6636740471325
B023600214 13643.471596 117.475193580927,30.6617063767948 117.475323899723,30.6628082520018;117.474704931784,30.6626335706147;117.474906629121,30.6620604014658;117.474904633742,30.6619384506483;117.474912681628,30.6616935836215;117.474428187137,30.6610854817927;117.474551595848,30.6609249037695;117.474984982995,30.6609211361269;117.475090308654,30.6610533762983;117.475482560527,30.6611344569517;117.475644113259,30.6607660830779;117.475956100927,30.6609538897316;117.475821654273,30.6611034384685;117.475932005414,30.6611517320412;117.475867773215,30.6614314228817;117.475536708132,30.661427479721;117.475474444932,30.6621259881427;117.475630944124,30.66217041448;117.475323899723,30.6628082520018
B023600212 4703.506792 117.489425905542,30.6604176698175 117.489444937107,30.6607855616674;117.489434907914,30.6607315559276;117.489043579487,30.6607383837102;117.489031598009,30.6600796433086;117.48979820025,30.6600769354316;117.489805161162,30.6607756429294;117.489444937107,30.6607855616674
B023600OF6 10863.563229 117.480686401817,30.6736108141623 117.479961979857,30.6739795320228;117.480229944921,30.6730657326768;117.480276100116,30.6730318827823;117.480367400783,30.6730361470828;117.481379729408,30.6732310161593;117.481271302415,30.6739843525189;117.481109770485,30.6739538938742;117.48102246013,30.6741925287536;117.480989349547,30.6742044264634;117.479961979857,30.6739795320228
B0236008NO 2931.374422 117.481662632286,30.6736176673195 117.481302422031,30.6738005281349;117.481925477238,30.6739202989874;117.482050935549,30.6734578796946;117.481377715802,30.6733079749163;117.481302422031,30.6738005281349
B023600LX9 18670.274343 117.493990986684,30.6767648998809 117.493661777358,30.677717471913;117.494460500413,30.6777628464348;117.494503649375,30.6777449841226;117.494566005647,30.6761469099877;117.494554988281,30.6759209812263;117.493706106562,30.6757345212762;117.493661934543,30.6759712795575;117.49358366759,30.6759690458688;117.493535492411,30.6760888460992;117.493473280903,30.676079663774;117.493449195839,30.6761115768152;117.493346803558,30.676589049249;117.493324706902,30.6768258735429;117.493362813711,30.6770848680709;117.493521330285,30.6773572174541;117.4936116269,30.6774864284571;117.493661777358,30.677717471913
B02360MF2U 750.486204 117.482799492859,30.6727134214396 117.482959011727,30.672854826068;117.482582765056,30.6727807530342;117.482635960683,30.672575003866;117.483017224693,30.6726450937065;117.482959011727,30.672854826068
B023600VZX 84439.547701 117.490122783694,30.6769962029077 117.489983508903,30.6747858063555;117.491457492166,30.6751370564433;117.490739835509,30.6775158089476;117.492118496769,30.677895762451;117.492344240011,30.6781893030454;117.492058192262,30.6789980707295;117.488971767829,30.6781922089842;117.488893508983,30.6781190091957;117.488887505513,30.6779310783237;117.488814266698,30.6778249088062;117.488572478199,30.6774783474568;117.488347740331,30.6772157983073;117.488176186228,30.6769164250006;117.488044776856,30.6765212157551;117.487921413988,30.6759131287196;117.488297683642,30.6759602290979;117.489148565358,30.6759917546755;117.489585043791,30.6760270426842;117.489983508903,30.6747858063555
B023600SDP 8983.732283 117.50838245492,30.681346576289 117.508258970706,30.6821418447024;117.507688080937,30.681884294722;117.508463794882,30.6805861679131;117.508550084067,30.6805794229758;117.509082841252,30.6808328585229;117.508258970706,30.6821418447024
B0236005CF 712.215826 117.486607719813,30.6565120124227 117.486440145163,30.6566194664371;117.486436145608,30.6564645235124;117.486487328464,30.6563497267259;117.486799370733,30.6564626043657;117.486798352475,30.6566275279316;117.486440145163,30.6566194664371
B0236002NZ 930.243215 117.481008703403,30.6598899826362 117.48091842303,30.6596888088023;117.481262544047,30.6598817289266;117.481100990984,30.6600861646339;117.480757872903,30.6599062422649;117.48091842303,30.6596888088023
B023600SCQ 3528.492429 117.474204870871,30.6677688293161 117.473824653167,30.6678437202262;117.474403467209,30.6681822037437;117.474692423159,30.6678221870301;117.473970161263,30.6673453578872;117.473830714169,30.6673819472512;117.473873817515,30.667755899034;117.473824653167,30.6678437202262
B0236005AY 1733.047438 117.483743473056,30.6634953971185 117.483536756362,30.6637836571752;117.48352874851,30.663573728279;117.483607010205,30.6635709603767;117.483622095149,30.6631871779477;117.483949187525,30.663200137565;117.483859835175,30.6637946055975;117.483536756362,30.6637836571752
B023600SNJ 1417.528423 117.506063931518,30.6223457799186 117.505787015831,30.6221510447845;117.506076987332,30.6222128734603;117.506432174091,30.6223128773597;117.506364933244,30.6224766116649;117.505796016595,30.6224829337234;117.505787015831,30.6221510447845
B02360MFAS 4088.996468 117.496929748321,30.6575244494759 117.497265866668,30.6578553091171;117.496579523004,30.6578492548613;117.496603665605,30.6571776267159;117.497144511476,30.657193240715;117.497293008029,30.6573116329018;117.497265866668,30.6578553091171
B0FFH7BI3X 14044.154716 117.451545858914,30.6089735408144 117.452622596395,30.6088390627875;117.452262633098,30.6093600240101;117.451600971169,30.6092615503184;117.451433517033,30.6096350190956;117.450707722276,30.6094804413226;117.45090732071,30.6083463469004;117.452665716879,30.6087242085708;117.452622596395,30.6088390627875
B0236003VS 24911.858973 117.899497188518,30.4173435144994 117.898761852085,30.4185203426781;117.898860969282,30.417548542568;117.898977119631,30.4162518088991;117.900244488825,30.4163056294119;117.900197398294,30.4172094431642;117.90015733121,30.4178623090313;117.900101291612,30.4181462565349;117.89981521241,30.418144299281;117.899706178479,30.4181743079829;117.899548128184,30.4182183195488;117.899496082708,30.4185642515399;117.898761852085,30.4185203426781
B023600200 561.737247 117.848629570872,30.6427597212967 117.848493249052,30.6428724509256;117.84849627623,30.6426415559075;117.848764889905,30.6426479892317;117.848764869964,30.6428748908699;117.848493249052,30.6428724509256
B02360MF3D 6077.977626 117.48645974343,30.6729441439191 117.485928925355,30.6732744154522;117.486538971815,30.6733751815037;117.486902218414,30.6731413692038;117.487029688099,30.672703949279;117.486162785235,30.6724704788783;117.485928925355,30.6732744154522
