B02360MSUH 1213.107268 117.479766394838,30.6733302611157 117.479489477077,30.6734144171685;117.479572774779,30.6731477817716;117.480046323515,30.6732481138287;117.479954998877,30.6735137258242;117.479489477077,30.6734144171685
B0FFJA185M 13858.886952 117.488226667675,30.6734621675767 117.487529364579,30.6728353767675;117.489197980182,30.6732411686804;117.488898888873,30.674094882966;117.487533294019,30.6737679601256;117.487442994892,30.6736997225132;117.487363734393,30.6736175242338;117.487319593597,30.6735244355647;117.48730956826,30.6734294493542;117.487529364579,30.6728353767675
B02360MSUH 1213.107268 117.479766394838,30.6733302611157 117.479489477077,30.6734144171685;117.479572774779,30.6731477817716;117.480046323515,30.6732481138287;117.479954998877,30.6735137258242;117.479489477077,30.6734144171685
B0FFJA185M 13858.886952 117.488226667675,30.6734621675767 117.487529364579,30.6728353767675;117.489197980182,30.6732411686804;117.488898888873,30.674094882966;117.487533294019,30.6737679601256;117.487442994892,30.6736997225132;117.487363734393,30.6736175242338;117.487319593597,30.6735244355647;117.48730956826,30.6734294493542;117.487529364579,30.6728353767675
B02360MSUH 1213.107268 117.479766394838,30.6733302611157 117.479489477077,30.6734144171685;117.479572774779,30.6731477817716;117.480046323515,30.6732481138287;117.479954998877,30.6735137258242;117.479489477077,30.6734144171685
B0FFJA185M 13858.886952 117.488226667675,30.6734621675767 117.487529364579,30.6728353767675;117.489197980182,30.6732411686804;117.488898888873,30.674094882966;117.487533294019,30.6737679601256;117.487442994892,30.6736997225132;117.487363734393,30.6736175242338;117.487319593597,30.6735244355647;117.48730956826,30.6734294493542;117.487529364579,30.6728353767675
B02360MSUH 1213.107268 117.479766394838,30.6733302611157 117.479489477077,30.6734144171685;117.479572774779,30.6731477817716;117.480046323515,30.6732481138287;117.479954998877,30.6735137258242;117.479489477077,30.6734144171685
B0FFJA185M 13858.886952 117.488226667675,30.6734621675767 117.487529364579,30.6728353767675;117.489197980182,30.6732411686804;117.488898888873,30.674094882966;117.487533294019,30.6737679601256;117.487442994892,30.6736997225132;117.487363734393,30.6736175242338;117.487319593597,30.6735244355647;117.48730956826,30.6734294493542;117.487529364579,30.6728353767675
B02360MSUH 1213.107268 117.479766394838,30.6733302611157 117.479489477077,30.6734144171685;117.479572774779,30.6731477817716;117.480046323515,30.6732481138287;117.479954998877,30.6735137258242;117.479489477077,30.6734144171685
B0FFJA185M 13858.886952 117.488226667675,30.6734621675767 117.487529364579,30.6728353767675;117.489197980182,30.6732411686804;117.488898888873,30.674094882966;117.487533294019,30.6737679601256;117.487442994892,30.6736997225132;117.487363734393,30.6736175242338;117.487319593597,30.6735244355647;117.48730956826,30.6734294493542;117.487529364579,30.6728353767675
B02360MSUH 1213.107268 117.479766394838,30.6733302611157 117.479489477077,30.6734144171685;117.479572774779,30.6731477817716;117.480046323515,30.6732481138287;117.479954998877,30.6735137258242;117.479489477077,30.6734144171685
B0FFJA185M 13858.886952 117.488226667675,30.6734621675767 117.487529364579,30.6728353767675;117.489197980182,30.6732411686804;117.488898888873,30.674094882966;117.487533294019,30.6737679601256;117.487442994892,30.6736997225132;117.487363734393,30.6736175242338;117.487319593597,30.6735244355647;117.48730956826,30.6734294493542;117.487529364579,30.6728353767675
B02360MSUH 1213.107268 117.479766394838,30.6733302611157 117.479489477077,30.6734144171685;117.479572774779,30.6731477817716;117.480046323515,30.6732481138287;117.479954998877,30.6735137258242;117.479489477077,30.6734144171685
B0FFJA185M 13858.886952 117.488226667675,30.6734621675767 117.487529364579,30.6728353767675;117.489197980182,30.6732411686804;117.488898888873,30.674094882966;117.487533294019,30.6737679601256;117.487442994892,30.6736997225132;117.487363734393,30.6736175242338;117.487319593597,30.6735244355647;117.48730956826,30.6734294493542;117.487529364579,30.6728353767675
B02360MSUH 1213.107268 117.479766394838,30.6733302611157 117.479489477077,30.6734144171685;117.479572774779,30.6731477817716;117.480046323515,30.6732481138287;117.479954998877,30.6735137258242;117.479489477077,30.6734144171685
B0FFJA185M 13858.886952 117.488226667675,30.6734621675767 117.487529364579,30.6728353767675;117.489197980182,30.6732411686804;117.488898888873,30.674094882966;117.487533294019,30.6737679601256;117.487442994892,30.6736997225132;117.487363734393,30.6736175242338;117.487319593597,30.6735244355647;117.48730956826,30.6734294493542;117.487529364579,30.6728353767675
B02360MSUH 1213.107268 117.479766394838,30.6733302611157 117.479489477077,30.6734144171685;117.479572774779,30.6731477817716;117.480046323515,30.6732481138287;117.479954998877,30.6735137258242;117.479489477077,30.6734144171685
B0FFJA185M 13858.886952 117.488226667675,30.6734621675767 117.487529364579,30.6728353767675;117.489197980182,30.6732411686804;117.488898888873,30.674094882966;117.487533294019,30.6737679601256;117.487442994892,30.6736997225132;117.487363734393,30.6736175242338;117.487319593597,30.6735244355647;117.48730956826,30.6734294493542;117.487529364579,30.6728353767675
B02360MSUH 1213.107268 117.479766394838,30.6733302611157 117.479489477077,30.6734144171685;117.479572774779,30.6731477817716;117.480046323515,30.6732481138287;117.479954998877,30.6735137258242;117.479489477077,30.6734144171685
B0FFJA185M 13858.886952 117.488226667675,30.6734621675767 117.487529364579,30.6728353767675;117.489197980182,30.6732411686804;117.488898888873,30.674094882966;117.487533294019,30.6737679601256;117.487442994892,30.6736997225132;117.487363734393,30.6736175242338;117.487319593597,30.6735244355647;117.48730956826,30.6734294493542;117.487529364579,30.6728353767675
B02360MSUH 1213.107268 117.479766394838,30.6733302611157 117.479489477077,30.6734144171685;117.479572774779,30.6731477817716;117.480046323515,30.6732481138287;117.479954998877,30.6735137258242;117.479489477077,30.6734144171685
B0FFJA185M 13858.886952 117.488226667675,30.6734621675767 117.487529364579,30.6728353767675;117.489197980182,30.6732411686804;117.488898888873,30.674094882966;117.487533294019,30.6737679601256;117.487442994892,30.6736997225132;117.487363734393,30.6736175242338;117.487319593597,30.6735244355647;117.48730956826,30.6734294493542;117.487529364579,30.6728353767675
B02360MSUH 1213.107268 117.479766394838,30.6733302611157 117.479489477077,30.6734144171685;117.479572774779,30.6731477817716;117.480046323515,30.6732481138287;117.479954998877,30.6735137258242;117.479489477077,30.6734144171685
B0FFJA185M 13858.886952 117.488226667675,30.6734621675767 117.487529364579,30.6728353767675;117.489197980182,30.6732411686804;117.488898888873,30.674094882966;117.487533294019,30.6737679601256;117.487442994892,30.6736997225132;117.487363734393,30.6736175242338;117.487319593597,30.6735244355647;117.48730956826,30.6734294493542;117.487529364579,30.6728353767675
B02360MSUH 1213.107268 117.479766394838,30.6733302611157 117.479489477077,30.6734144171685;117.479572774779,30.6731477817716;117.480046323515,30.6732481138287;117.479954998877,30.6735137258242;117.479489477077,30.6734144171685
B0FFJA185M 13858.886952 117.488226667675,30.6734621675767 117.487529364579,30.6728353767675;117.489197980182,30.6732411686804;117.488898888873,30.674094882966;117.487533294019,30.6737679601256;117.487442994892,30.6736997225132;117.487363734393,30.6736175242338;117.487319593597,30.6735244355647;117.48730956826,30.6734294493542;117.487529364579,30.6728353767675
B02360MSUH 1213.107268 117.479766394838,30.6733302611157 117.479489477077,30.6734144171685;117.479572774779,30.6731477817716;117.480046323515,30.6732481138287;117.479954998877,30.6735137258242;117.479489477077,30.6734144171685
B0FFJA185M 13858.886952 117.488226667675,30.6734621675767 117.487529364579,30.6728353767675;117.489197980182,30.6732411686804;117.488898888873,30.674094882966;117.487533294019,30.6737679601256;117.487442994892,30.6736997225132;117.487363734393,30.6736175242338;117.487319593597,30.6735244355647;117.48730956826,30.6734294493542;117.487529364579,30.6728353767675
B02360MSUH 1213.107268 117.479766394838,30.6733302611157 117.479489477077,30.6734144171685;117.479572774779,30.6731477817716;117.480046323515,30.6732481138287;117.479954998877,30.6735137258242;117.479489477077,30.6734144171685
B0FFJA185M 13858.886952 117.488226667675,30.6734621675767 117.487529364579,30.6728353767675;117.489197980182,30.6732411686804;117.488898888873,30.674094882966;117.487533294019,30.6737679601256;117.487442994892,30.6736997225132;117.487363734393,30.6736175242338;117.487319593597,30.6735244355647;117.48730956826,30.6734294493542;117.487529364579,30.6728353767675
B02360MSUH 1213.107268 117.479766394838,30.6733302611157 117.479489477077,30.6734144171685;117.479572774779,30.6731477817716;117.480046323515,30.6732481138287;117.479954998877,30.6735137258242;117.479489477077,30.6734144171685
B0FFJA185M 13858.886952 117.488226667675,30.6734621675767 117.487529364579,30.6728353767675;117.489197980182,30.6732411686804;117.488898888873,30.674094882966;117.487533294019,30.6737679601256;117.487442994892,30.6736997225132;117.487363734393,30.6736175242338;117.487319593597,30.6735244355647;117.48730956826,30.6734294493542;117.487529364579,30.6728353767675
B02360MSUH 1213.107268 117.479766394838,30.6733302611157 117.479489477077,30.6734144171685;117.479572774779,30.6731477817716;117.480046323515,30.6732481138287;117.479954998877,30.6735137258242;117.479489477077,30.6734144171685
B0FFJA185M 13858.886952 117.488226667675,30.6734621675767 117.487529364579,30.6728353767675;117.489197980182,30.6732411686804;117.488898888873,30.674094882966;117.487533294019,30.6737679601256;117.487442994892,30.6736997225132;117.487363734393,30.6736175242338;117.487319593597,30.6735244355647;117.48730956826,30.6734294493542;117.487529364579,30.6728353767675
B02360MSUH 1213.107268 117.479766394838,30.6733302611157 117.479489477077,30.6734144171685;117.479572774779,30.6731477817716;117.480046323515,30.6732481138287;117.479954998877,30.6735137258242;117.479489477077,30.6734144171685
B0FFJA185M 13858.886952 117.488226667675,30.6734621675767 117.487529364579,30.6728353767675;117.489197980182,30.6732411686804;117.488898888873,30.674094882966;117.487533294019,30.6737679601256;117.487442994892,30.6736997225132;117.487363734393,30.6736175242338;117.487319593597,30.6735244355647;117.48730956826,30.6734294493542;117.487529364579,30.6728353767675
B02360MSUH 1213.107268 117.479766394838,30.6733302611157 117.479489477077,30.6734144171685;117.479572774779,30.6731477817716;117.480046323515,30.6732481138287;117.479954998877,30.6735137258242;117.479489477077,30.6734144171685
B0FFJA185M 13858.886952 117.488226667675,30.6734621675767 117.487529364579,30.6728353767675;117.489197980182,30.6732411686804;117.488898888873,30.674094882966;117.487533294019,30.6737679601256;117.487442994892,30.6736997225132;117.487363734393,30.6736175242338;117.487319593597,30.6735244355647;117.48730956826,30.6734294493542;117.487529364579,30.6728353767675
B02360MSUH 1213.107268 117.479766394838,30.6733302611157 117.479489477077,30.6734144171685;117.479572774779,30.6731477817716;117.480046323515,30.6732481138287;117.479954998877,30.6735137258242;117.479489477077,30.6734144171685
B0FFJA185M 13858.886952 117.488226667675,30.6734621675767 117.487529364579,30.6728353767675;117.489197980182,30.6732411686804;117.488898888873,30.674094882966;117.487533294019,30.6737679601256;117.487442994892,30.6736997225132;117.487363734393,30.6736175242338;117.487319593597,30.6735244355647;117.48730956826,30.6734294493542;117.487529364579,30.6728353767675
B02360MSUH 1213.107268 117.479766394838,30.6733302611157 117.479489477077,30.6734144171685;117.479572774779,30.6731477817716;117.480046323515,30.6732481138287;117.479954998877,30.6735137258242;117.479489477077,30.6734144171685
B0FFJA185M 13858.886952 117.488226667675,30.6734621675767 117.487529364579,30.6728353767675;117.489197980182,30.6732411686804;117.488898888873,30.674094882966;117.487533294019,30.6737679601256;117.487442994892,30.6736997225132;117.487363734393,30.6736175242338;117.487319593597,30.6735244355647;117.48730956826,30.6734294493542;117.487529364579,30.6728353767675
B02360MSUH 1213.107268 117.479766394838,30.6733302611157 117.479489477077,30.6734144171685;117.479572774779,30.6731477817716;117.480046323515,30.6732481138287;117.479954998877,30.6735137258242;117.479489477077,30.6734144171685
B0FFJA185M 13858.886952 117.488226667675,30.6734621675767 117.487529364579,30.6728353767675;117.489197980182,30.6732411686804;117.488898888873,30.674094882966;117.487533294019,30.6737679601256;117.487442994892,30.6736997225132;117.487363734393,30.6736175242338;117.487319593597,30.6735244355647;117.48730956826,30.6734294493542;117.487529364579,30.6728353767675
B02360MSUH 1213.107268 117.479766394838,30.6733302611157 117.479489477077,30.6734144171685;117.479572774779,30.6731477817716;117.480046323515,30.6732481138287;117.479954998877,30.6735137258242;117.479489477077,30.6734144171685
B0FFJA185M 13858.886952 117.488226667675,30.6734621675767 117.487529364579,30.6728353767675;117.489197980182,30.6732411686804;117.488898888873,30.674094882966;117.487533294019,30.6737679601256;117.487442994892,30.6736997225132;117.487363734393,30.6736175242338;117.487319593597,30.6735244355647;117.48730956826,30.6734294493542;117.487529364579,30.6728353767675
B02360MSUH 1213.107268 117.479766394838,30.6733302611157 117.479489477077,30.6734144171685;117.479572774779,30.6731477817716;117.480046323515,30.6732481138287;117.479954998877,30.6735137258242;117.479489477077,30.6734144171685
B0FFJA185M 13858.886952 117.488226667675,30.6734621675767 117.487529364579,30.6728353767675;117.489197980182,30.6732411686804;117.488898888873,30.674094882966;117.487533294019,30.6737679601256;117.487442994892,30.6736997225132;117.487363734393,30.6736175242338;117.487319593597,30.6735244355647;117.48730956826,30.6734294493542;117.487529364579,30.6728353767675
B02360MSUH 1213.107268 117.479766394838,30.6733302611157 117.479489477077,30.6734144171685;117.479572774779,30.6731477817716;117.480046323515,30.6732481138287;117.479954998877,30.6735137258242;117.479489477077,30.6734144171685
B0FFJA185M 13858.886952 117.488226667675,30.6734621675767 117.487529364579,30.6728353767675;117.489197980182,30.6732411686804;117.488898888873,30.674094882966;117.487533294019,30.6737679601256;117.487442994892,30.6736997225132;117.487363734393,30.6736175242338;117.487319593597,30.6735244355647;117.48730956826,30.6734294493542;117.487529364579,30.6728353767675
B02360MSUH 1213.107268 117.479766394838,30.6733302611157 117.479489477077,30.6734144171685;117.479572774779,30.6731477817716;117.480046323515,30.6732481138287;117.479954998877,30.6735137258242;117.479489477077,30.6734144171685
B0FFJA185M 13858.886952 117.488226667675,30.6734621675767 117.487529364579,30.6728353767675;117.489197980182,30.6732411686804;117.488898888873,30.674094882966;117.487533294019,30.6737679601256;117.487442994892,30.6736997225132;117.487363734393,30.6736175242338;117.487319593597,30.6735244355647;117.48730956826,30.6734294493542;117.487529364579,30.6728353767675
B02360MSUH 1213.107268 117.479766394838,30.6733302611157 117.479489477077,30.6734144171685;117.479572774779,30.6731477817716;117.480046323515,30.6732481138287;117.479954998877,30.6735137258242;117.479489477077,30.6734144171685
B0FFJA185M 13858.886952 117.488226667675,30.6734621675767 117.487529364579,30.6728353767675;117.489197980182,30.6732411686804;117.488898888873,30.674094882966;117.487533294019,30.6737679601256;117.487442994892,30.6736997225132;117.487363734393,30.6736175242338;117.487319593597,30.6735244355647;117.48730956826,30.6734294493542;117.487529364579,30.6728353767675
B02360MSUH 1213.107268 117.479766394838,30.6733302611157 117.479489477077,30.6734144171685;117.479572774779,30.6731477817716;117.480046323515,30.6732481138287;117.479954998877,30.6735137258242;117.479489477077,30.6734144171685
B0FFJA185M 13858.886952 117.488226667675,30.6734621675767 117.487529364579,30.6728353767675;117.489197980182,30.6732411686804;117.488898888873,30.674094882966;117.487533294019,30.6737679601256;117.487442994892,30.6736997225132;117.487363734393,30.6736175242338;117.487319593597,30.6735244355647;117.48730956826,30.6734294493542;117.487529364579,30.6728353767675
B02360MSUH 1213.107268 117.479766394838,30.6733302611157 117.479489477077,30.6734144171685;117.479572774779,30.6731477817716;117.480046323515,30.6732481138287;117.479954998877,30.6735137258242;117.479489477077,30.6734144171685
B0FFJA185M 13858.886952 117.488226667675,30.6734621675767 117.487529364579,30.6728353767675;117.489197980182,30.6732411686804;117.488898888873,30.674094882966;117.487533294019,30.6737679601256;117.487442994892,30.6736997225132;117.487363734393,30.6736175242338;117.487319593597,30.6735244355647;117.48730956826,30.6734294493542;117.487529364579,30.6728353767675
B02360MSUH 1213.107268 117.479766394838,30.6733302611157 117.479489477077,30.6734144171685;117.479572774779,30.6731477817716;117.480046323515,30.6732481138287;117.479954998877,30.6735137258242;117.479489477077,30.6734144171685
B0FFJA185M 13858.886952 117.488226667675,30.6734621675767 117.487529364579,30.6728353767675;117.489197980182,30.6732411686804;117.488898888873,30.674094882966;117.487533294019,30.6737679601256;117.487442994892,30.6736997225132;117.487363734393,30.6736175242338;117.487319593597,30.6735244355647;117.48730956826,30.6734294493542;117.487529364579,30.6728353767675
B02360MSUH 1213.107268 117.479766394838,30.6733302611157 117.479489477077,30.6734144171685;117.479572774779,30.6731477817716;117.480046323515,30.6732481138287;117.479954998877,30.6735137258242;117.479489477077,30.6734144171685
B0FFJA185M 13858.886952 117.488226667675,30.6734621675767 117.487529364579,30.6728353767675;117.489197980182,30.6732411686804;117.488898888873,30.674094882966;117.487533294019,30.6737679601256;117.487442994892,30.6736997225132;117.487363734393,30.6736175242338;117.487319593597,30.6735244355647;117.48730956826,30.6734294493542;117.487529364579,30.6728353767675
B02360MSUH 1213.107268 117.479766394838,30.6733302611157 117.479489477077,30.6734144171685;117.479572774779,30.6731477817716;117.480046323515,30.6732481138287;117.479954998877,30.6735137258242;117.479489477077,30.6734144171685
B0FFJA185M 13858.886952 117.488226667675,30.6734621675767 117.487529364579,30.6728353767675;117.489197980182,30.6732411686804;117.488898888873,30.674094882966;117.487533294019,30.6737679601256;117.487442994892,30.6736997225132;117.487363734393,30.6736175242338;117.487319593597,30.6735244355647;117.48730956826,30.6734294493542;117.487529364579,30.6728353767675
B02360MSUH 1213.107268 117.479766394838,30.6733302611157 117.479489477077,30.6734144171685;117.479572774779,30.6731477817716;117.480046323515,30.6732481138287;117.479954998877,30.6735137258242;117.479489477077,30.6734144171685
B0FFJA185M 13858.886952 117.488226667675,30.6734621675767 117.487529364579,30.6728353767675;117.489197980182,30.6732411686804;117.488898888873,30.674094882966;117.487533294019,30.6737679601256;117.487442994892,30.6736997225132;117.487363734393,30.6736175242338;117.487319593597,30.6735244355647;117.48730956826,30.6734294493542;117.487529364579,30.6728353767675
B02360MSUH 1213.107268 117.479766394838,30.6733302611157 117.479489477077,30.6734144171685;117.479572774779,30.6731477817716;117.480046323515,30.6732481138287;117.479954998877,30.6735137258242;117.479489477077,30.6734144171685
B0FFJA185M 13858.886952 117.488226667675,30.6734621675767 117.487529364579,30.6728353767675;117.489197980182,30.6732411686804;117.488898888873,30.674094882966;117.487533294019,30.6737679601256;117.487442994892,30.6736997225132;117.487363734393,30.6736175242338;117.487319593597,30.6735244355647;117.48730956826,30.6734294493542;117.487529364579,30.6728353767675
B02360MSUH 1213.107268 117.479766394838,30.6733302611157 117.479489477077,30.6734144171685;117.479572774779,30.6731477817716;117.480046323515,30.6732481138287;117.479954998877,30.6735137258242;117.479489477077,30.6734144171685
B0FFJA185M 13858.886952 117.488226667675,30.6734621675767 117.487529364579,30.6728353767675;117.489197980182,30.6732411686804;117.488898888873,30.674094882966;117.487533294019,30.6737679601256;117.487442994892,30.6736997225132;117.487363734393,30.6736175242338;117.487319593597,30.6735244355647;117.48730956826,30.6734294493542;117.487529364579,30.6728353767675
B02360MSUH 1213.107268 117.479766394838,30.6733302611157 117.479489477077,30.6734144171685;117.479572774779,30.6731477817716;117.480046323515,30.6732481138287;117.479954998877,30.6735137258242;117.479489477077,30.6734144171685
B0FFJA185M 13858.886952 117.488226667675,30.6734621675767 117.487529364579,30.6728353767675;117.489197980182,30.6732411686804;117.488898888873,30.674094882966;117.487533294019,30.6737679601256;117.487442994892,30.6736997225132;117.487363734393,30.6736175242338;117.487319593597,30.6735244355647;117.48730956826,30.6734294493542;117.487529364579,30.6728353767675
B02360MSUH 1213.107268 117.479766394838,30.6733302611157 117.479489477077,30.6734144171685;117.479572774779,30.6731477817716;117.480046323515,30.6732481138287;117.479954998877,30.6735137258242;117.479489477077,30.6734144171685
B0FFJA185M 13858.886952 117.488226667675,30.6734621675767 117.487529364579,30.6728353767675;117.489197980182,30.6732411686804;117.488898888873,30.674094882966;117.487533294019,30.6737679601256;117.487442994892,30.6736997225132;117.487363734393,30.6736175242338;117.487319593597,30.6735244355647;117.48730956826,30.6734294493542;117.487529364579,30.6728353767675
B02360MSUH 1213.107268 117.479766394838,30.6733302611157 117.479489477077,30.6734144171685;117.479572774779,30.6731477817716;117.480046323515,30.6732481138287;117.479954998877,30.6735137258242;117.479489477077,30.6734144171685
B0FFJA185M 13858.886952 117.488226667675,30.6734621675767 117.487529364579,30.6728353767675;117.489197980182,30.6732411686804;117.488898888873,30.674094882966;117.487533294019,30.6737679601256;117.487442994892,30.6736997225132;117.487363734393,30.6736175242338;117.487319593597,30.6735244355647;117.48730956826,30.6734294493542;117.487529364579,30.6728353767675
B02360MSUH 1213.107268 117.479766394838,30.6733302611157 117.479489477077,30.6734144171685;117.479572774779,30.6731477817716;117.480046323515,30.6732481138287;117.479954998877,30.6735137258242;117.479489477077,30.6734144171685
B0FFJA185M 13858.886952 117.488226667675,30.6734621675767 117.487529364579,30.6728353767675;117.489197980182,30.6732411686804;117.488898888873,30.674094882966;117.487533294019,30.6737679601256;117.487442994892,30.6736997225132;117.487363734393,30.6736175242338;117.487319593597,30.6735244355647;117.48730956826,30.6734294493542;117.487529364579,30.6728353767675
B02360MSUH 1213.107268 117.479766394838,30.6733302611157 117.479489477077,30.6734144171685;117.479572774779,30.6731477817716;117.480046323515,30.6732481138287;117.479954998877,30.6735137258242;117.479489477077,30.6734144171685
B0FFJA185M 13858.886952 117.488226667675,30.6734621675767 117.487529364579,30.6728353767675;117.489197980182,30.6732411686804;117.488898888873,30.674094882966;117.487533294019,30.6737679601256;117.487442994892,30.6736997225132;117.487363734393,30.6736175242338;117.487319593597,30.6735244355647;117.48730956826,30.6734294493542;117.487529364579,30.6728353767675
