B0FFG7R3O4 912.150109 117.850515310546,30.637425046186 117.850590461915,30.6376210812058;117.850298814557,30.6375356551226;117.850460204836,30.6372200466542;117.85060252083,30.6372572562415;117.850657641982,30.6372843318763;117.850700728232,30.6374013498745;117.850590461915,30.6376210812058
B0FFG7R3O4 912.150109 117.850515310546,30.637425046186 117.850590461915,30.6376210812058;117.850298814557,30.6375356551226;117.850460204836,30.6372200466542;117.85060252083,30.6372572562415;117.850657641982,30.6372843318763;117.850700728232,30.6374013498745;117.850590461915,30.6376210812058
B0FFG7R3O4 912.150109 117.850515310546,30.637425046186 117.850590461915,30.6376210812058;117.850298814557,30.6375356551226;117.850460204836,30.6372200466542;117.85060252083,30.6372572562415;117.850657641982,30.6372843318763;117.850700728232,30.6374013498745;117.850590461915,30.6376210812058
B0FFG7R3O4 912.150109 117.850515310546,30.637425046186 117.850590461915,30.6376210812058;117.850298814557,30.6375356551226;117.850460204836,30.6372200466542;117.85060252083,30.6372572562415;117.850657641982,30.6372843318763;117.850700728232,30.6374013498745;117.850590461915,30.6376210812058
B0FFG7R3O4 912.150109 117.850515310546,30.637425046186 117.850590461915,30.6376210812058;117.850298814557,30.6375356551226;117.850460204836,30.6372200466542;117.85060252083,30.6372572562415;117.850657641982,30.6372843318763;117.850700728232,30.6374013498745;117.850590461915,30.6376210812058
B0FFG7R3O4 912.150109 117.850515310546,30.637425046186 117.850590461915,30.6376210812058;117.850298814557,30.6375356551226;117.850460204836,30.6372200466542;117.85060252083,30.6372572562415;117.850657641982,30.6372843318763;117.850700728232,30.6374013498745;117.850590461915,30.6376210812058
B0FFG7R3O4 912.150109 117.850515310546,30.637425046186 117.850590461915,30.6376210812058;117.850298814557,30.6375356551226;117.850460204836,30.6372200466542;117.85060252083,30.6372572562415;117.850657641982,30.6372843318763;117.850700728232,30.6374013498745;117.850590461915,30.6376210812058
B0FFG7R3O4 912.150109 117.850515310546,30.637425046186 117.850590461915,30.6376210812058;117.850298814557,30.6375356551226;117.850460204836,30.6372200466542;117.85060252083,30.6372572562415;117.850657641982,30.6372843318763;117.850700728232,30.6374013498745;117.850590461915,30.6376210812058
B0FFG7R3O4 912.150109 117.850515310546,30.637425046186 117.850590461915,30.6376210812058;117.850298814557,30.6375356551226;117.850460204836,30.6372200466542;117.85060252083,30.6372572562415;117.850657641982,30.6372843318763;117.850700728232,30.6374013498745;117.850590461915,30.6376210812058
B0FFG7R3O4 912.150109 117.850515310546,30.637425046186 117.850590461915,30.6376210812058;117.850298814557,30.6375356551226;117.850460204836,30.6372200466542;117.85060252083,30.6372572562415;117.850657641982,30.6372843318763;117.850700728232,30.6374013498745;117.850590461915,30.6376210812058
B0FFG7R3O4 912.150109 117.850515310546,30.637425046186 117.850590461915,30.6376210812058;117.850298814557,30.6375356551226;117.850460204836,30.6372200466542;117.85060252083,30.6372572562415;117.850657641982,30.6372843318763;117.850700728232,30.6374013498745;117.850590461915,30.6376210812058
B0FFG7R3O4 912.150109 117.850515310546,30.637425046186 117.850590461915,30.6376210812058;117.850298814557,30.6375356551226;117.850460204836,30.6372200466542;117.85060252083,30.6372572562415;117.850657641982,30.6372843318763;117.850700728232,30.6374013498745;117.850590461915,30.6376210812058
B0FFG7R3O4 912.150109 117.850515310546,30.637425046186 117.850590461915,30.6376210812058;117.850298814557,30.6375356551226;117.850460204836,30.6372200466542;117.85060252083,30.6372572562415;117.850657641982,30.6372843318763;117.850700728232,30.6374013498745;117.850590461915,30.6376210812058
B0FFG7R3O4 912.150109 117.850515310546,30.637425046186 117.850590461915,30.6376210812058;117.850298814557,30.6375356551226;117.850460204836,30.6372200466542;117.85060252083,30.6372572562415;117.850657641982,30.6372843318763;117.850700728232,30.6374013498745;117.850590461915,30.6376210812058
B0FFG7R3O4 912.150109 117.850515310546,30.637425046186 117.850590461915,30.6376210812058;117.850298814557,30.6375356551226;117.850460204836,30.6372200466542;117.85060252083,30.6372572562415;117.850657641982,30.6372843318763;117.850700728232,30.6374013498745;117.850590461915,30.6376210812058
B0FFG7R3O4 912.150109 117.850515310546,30.637425046186 117.850590461915,30.6376210812058;117.850298814557,30.6375356551226;117.850460204836,30.6372200466542;117.85060252083,30.6372572562415;117.850657641982,30.6372843318763;117.850700728232,30.6374013498745;117.850590461915,30.6376210812058
B0FFG7R3O4 912.150109 117.850515310546,30.637425046186 117.850590461915,30.6376210812058;117.850298814557,30.6375356551226;117.850460204836,30.6372200466542;117.85060252083,30.6372572562415;117.850657641982,30.6372843318763;117.850700728232,30.6374013498745;117.850590461915,30.6376210812058
B0FFG7R3O4 912.150109 117.850515310546,30.637425046186 117.850590461915,30.6376210812058;117.850298814557,30.6375356551226;117.850460204836,30.6372200466542;117.85060252083,30.6372572562415;117.850657641982,30.6372843318763;117.850700728232,30.6374013498745;117.850590461915,30.6376210812058
B0FFG7R3O4 912.150109 117.850515310546,30.637425046186 117.850590461915,30.6376210812058;117.850298814557,30.6375356551226;117.850460204836,30.6372200466542;117.85060252083,30.6372572562415;117.850657641982,30.6372843318763;117.850700728232,30.6374013498745;117.850590461915,30.6376210812058
B0FFG7R3O4 912.150109 117.850515310546,30.637425046186 117.850590461915,30.6376210812058;117.850298814557,30.6375356551226;117.850460204836,30.6372200466542;117.85060252083,30.6372572562415;117.850657641982,30.6372843318763;117.850700728232,30.6374013498745;117.850590461915,30.6376210812058
B0FFG7R3O4 912.150109 117.850515310546,30.637425046186 117.850590461915,30.6376210812058;117.850298814557,30.6375356551226;117.850460204836,30.6372200466542;117.85060252083,30.6372572562415;117.850657641982,30.6372843318763;117.850700728232,30.6374013498745;117.850590461915,30.6376210812058
B0FFG7R3O4 912.150109 117.850515310546,30.637425046186 117.850590461915,30.6376210812058;117.850298814557,30.6375356551226;117.850460204836,30.6372200466542;117.85060252083,30.6372572562415;117.850657641982,30.6372843318763;117.850700728232,30.6374013498745;117.850590461915,30.6376210812058
B0FFG7R3O4 912.150109 117.850515310546,30.637425046186 117.850590461915,30.6376210812058;117.850298814557,30.6375356551226;117.850460204836,30.6372200466542;117.85060252083,30.6372572562415;117.850657641982,30.6372843318763;117.850700728232,30.6374013498745;117.850590461915,30.6376210812058
B0FFG7R3O4 912.150109 117.850515310546,30.637425046186 117.850590461915,30.6376210812058;117.850298814557,30.6375356551226;117.850460204836,30.6372200466542;117.85060252083,30.6372572562415;117.850657641982,30.6372843318763;117.850700728232,30.6374013498745;117.850590461915,30.6376210812058
B0FFG7R3O4 912.150109 117.850515310546,30.637425046186 117.850590461915,30.6376210812058;117.850298814557,30.6375356551226;117.850460204836,30.6372200466542;117.85060252083,30.6372572562415;117.850657641982,30.6372843318763;117.850700728232,30.6374013498745;117.850590461915,30.6376210812058
B0FFG7R3O4 912.150109 117.850515310546,30.637425046186 117.850590461915,30.6376210812058;117.850298814557,30.6375356551226;117.850460204836,30.6372200466542;117.85060252083,30.6372572562415;117.850657641982,30.6372843318763;117.850700728232,30.6374013498745;117.850590461915,30.6376210812058
B0FFG7R3O4 912.150109 117.850515310546,30.637425046186 117.850590461915,30.6376210812058;117.850298814557,30.6375356551226;117.850460204836,30.6372200466542;117.85060252083,30.6372572562415;117.850657641982,30.6372843318763;117.850700728232,30.6374013498745;117.850590461915,30.6376210812058
B0FFG7R3O4 912.150109 117.850515310546,30.637425046186 117.850590461915,30.6376210812058;117.850298814557,30.6375356551226;117.850460204836,30.6372200466542;117.85060252083,30.6372572562415;117.850657641982,30.6372843318763;117.850700728232,30.6374013498745;117.850590461915,30.6376210812058
B0FFG7R3O4 912.150109 117.850515310546,30.637425046186 117.850590461915,30.6376210812058;117.850298814557,30.6375356551226;117.850460204836,30.6372200466542;117.85060252083,30.6372572562415;117.850657641982,30.6372843318763;117.850700728232,30.6374013498745;117.850590461915,30.6376210812058
B0FFG7R3O4 912.150109 117.850515310546,30.637425046186 117.850590461915,30.6376210812058;117.850298814557,30.6375356551226;117.850460204836,30.6372200466542;117.85060252083,30.6372572562415;117.850657641982,30.6372843318763;117.850700728232,30.6374013498745;117.850590461915,30.6376210812058
B0FFG7R3O4 912.150109 117.850515310546,30.637425046186 117.850590461915,30.6376210812058;117.850298814557,30.6375356551226;117.850460204836,30.6372200466542;117.85060252083,30.6372572562415;117.850657641982,30.6372843318763;117.850700728232,30.6374013498745;117.850590461915,30.6376210812058
B0FFG7R3O4 912.150109 117.850515310546,30.637425046186 117.850590461915,30.6376210812058;117.850298814557,30.6375356551226;117.850460204836,30.6372200466542;117.85060252083,30.6372572562415;117.850657641982,30.6372843318763;117.850700728232,30.6374013498745;117.850590461915,30.6376210812058
B0FFG7R3O4 912.150109 117.850515310546,30.637425046186 117.850590461915,30.6376210812058;117.850298814557,30.6375356551226;117.850460204836,30.6372200466542;117.85060252083,30.6372572562415;117.850657641982,30.6372843318763;117.850700728232,30.6374013498745;117.850590461915,30.6376210812058
B0FFG7R3O4 912.150109 117.850515310546,30.637425046186 117.850590461915,30.6376210812058;117.850298814557,30.6375356551226;117.850460204836,30.6372200466542;117.85060252083,30.6372572562415;117.850657641982,30.6372843318763;117.850700728232,30.6374013498745;117.850590461915,30.6376210812058
B0FFG7R3O4 912.150109 117.850515310546,30.637425046186 117.850590461915,30.6376210812058;117.850298814557,30.6375356551226;117.850460204836,30.6372200466542;117.85060252083,30.6372572562415;117.850657641982,30.6372843318763;117.850700728232,30.6374013498745;117.850590461915,30.6376210812058
B0FFG7R3O4 912.150109 117.850515310546,30.637425046186 117.850590461915,30.6376210812058;117.850298814557,30.6375356551226;117.850460204836,30.6372200466542;117.85060252083,30.6372572562415;117.850657641982,30.6372843318763;117.850700728232,30.6374013498745;117.850590461915,30.6376210812058
B0FFG7R3O4 912.150109 117.850515310546,30.637425046186 117.850590461915,30.6376210812058;117.850298814557,30.6375356551226;117.850460204836,30.6372200466542;117.85060252083,30.6372572562415;117.850657641982,30.6372843318763;117.850700728232,30.6374013498745;117.850590461915,30.6376210812058
B0FFG7R3O4 912.150109 117.850515310546,30.637425046186 117.850590461915,30.6376210812058;117.850298814557,30.6375356551226;117.850460204836,30.6372200466542;117.85060252083,30.6372572562415;117.850657641982,30.6372843318763;117.850700728232,30.6374013498745;117.850590461915,30.6376210812058
B0FFG7R3O4 912.150109 117.850515310546,30.637425046186 117.850590461915,30.6376210812058;117.850298814557,30.6375356551226;117.850460204836,30.6372200466542;117.85060252083,30.6372572562415;117.850657641982,30.6372843318763;117.850700728232,30.6374013498745;117.850590461915,30.6376210812058
B0FFG7R3O4 912.150109 117.850515310546,30.637425046186 117.850590461915,30.6376210812058;117.850298814557,30.6375356551226;117.850460204836,30.6372200466542;117.85060252083,30.6372572562415;117.850657641982,30.6372843318763;117.850700728232,30.6374013498745;117.850590461915,30.6376210812058
