B022A0O5A9 3412.525448 116.622609236189,32.6547943170937 116.622257790347,32.6550576199193;116.622297775873,32.6544918052183;116.622966666564,32.6545380002437;116.622916699591,32.655093831689;116.622257790347,32.6550576199193
B022A0O6XF 5457.592505 116.621624833033,32.6548994144434 116.621301311532,32.6553535960368;116.62130738618,32.654417972641;116.621970313294,32.654460197706;116.621922307824,32.6553858736043;116.621301311532,32.6553535960368
B022A0O5A9 3412.525448 116.622609236189,32.6547943170937 116.622257790347,32.6550576199193;116.622297775873,32.6544918052183;116.622966666564,32.6545380002437;116.622916699591,32.655093831689;116.622257790347,32.6550576199193
B022A0O6XF 5457.592505 116.621624833033,32.6548994144434 116.621301311532,32.6553535960368;116.62130738618,32.654417972641;116.621970313294,32.654460197706;116.621922307824,32.6553858736043;116.621301311532,32.6553535960368
B022A0O5A9 3412.525448 116.622609236189,32.6547943170937 116.622257790347,32.6550576199193;116.622297775873,32.6544918052183;116.622966666564,32.6545380002437;116.622916699591,32.655093831689;116.622257790347,32.6550576199193
B022A0O6XF 5457.592505 116.621624833033,32.6548994144434 116.621301311532,32.6553535960368;116.62130738618,32.654417972641;116.621970313294,32.654460197706;116.621922307824,32.6553858736043;116.621301311532,32.6553535960368
B022A0O5A9 3412.525448 116.622609236189,32.6547943170937 116.622257790347,32.6550576199193;116.622297775873,32.6544918052183;116.622966666564,32.6545380002437;116.622916699591,32.655093831689;116.622257790347,32.6550576199193
B022A0O6XF 5457.592505 116.621624833033,32.6548994144434 116.621301311532,32.6553535960368;116.62130738618,32.654417972641;116.621970313294,32.654460197706;116.621922307824,32.6553858736043;116.621301311532,32.6553535960368
B022A0O5A9 3412.525448 116.622609236189,32.6547943170937 116.622257790347,32.6550576199193;116.622297775873,32.6544918052183;116.622966666564,32.6545380002437;116.622916699591,32.655093831689;116.622257790347,32.6550576199193
B022A0O6XF 5457.592505 116.621624833033,32.6548994144434 116.621301311532,32.6553535960368;116.62130738618,32.654417972641;116.621970313294,32.654460197706;116.621922307824,32.6553858736043;116.621301311532,32.6553535960368
B022A0O5A9 3412.525448 116.622609236189,32.6547943170937 116.622257790347,32.6550576199193;116.622297775873,32.6544918052183;116.622966666564,32.6545380002437;116.622916699591,32.655093831689;116.622257790347,32.6550576199193
B022A0O6XF 5457.592505 116.621624833033,32.6548994144434 116.621301311532,32.6553535960368;116.62130738618,32.654417972641;116.621970313294,32.654460197706;116.621922307824,32.6553858736043;116.621301311532,32.6553535960368
B022A0O5A9 3412.525448 116.622609236189,32.6547943170937 116.622257790347,32.6550576199193;116.622297775873,32.6544918052183;116.622966666564,32.6545380002437;116.622916699591,32.655093831689;116.622257790347,32.6550576199193
B022A0O6XF 5457.592505 116.621624833033,32.6548994144434 116.621301311532,32.6553535960368;116.62130738618,32.654417972641;116.621970313294,32.654460197706;116.621922307824,32.6553858736043;116.621301311532,32.6553535960368
B022A0O5A9 3412.525448 116.622609236189,32.6547943170937 116.622257790347,32.6550576199193;116.622297775873,32.6544918052183;116.622966666564,32.6545380002437;116.622916699591,32.655093831689;116.622257790347,32.6550576199193
B022A0O6XF 5457.592505 116.621624833033,32.6548994144434 116.621301311532,32.6553535960368;116.62130738618,32.654417972641;116.621970313294,32.654460197706;116.621922307824,32.6553858736043;116.621301311532,32.6553535960368
B022A0O5A9 3412.525448 116.622609236189,32.6547943170937 116.622257790347,32.6550576199193;116.622297775873,32.6544918052183;116.622966666564,32.6545380002437;116.622916699591,32.655093831689;116.622257790347,32.6550576199193
B022A0O6XF 5457.592505 116.621624833033,32.6548994144434 116.621301311532,32.6553535960368;116.62130738618,32.654417972641;116.621970313294,32.654460197706;116.621922307824,32.6553858736043;116.621301311532,32.6553535960368
B022A0O5A9 3412.525448 116.622609236189,32.6547943170937 116.622257790347,32.6550576199193;116.622297775873,32.6544918052183;116.622966666564,32.6545380002437;116.622916699591,32.655093831689;116.622257790347,32.6550576199193
B022A0O6XF 5457.592505 116.621624833033,32.6548994144434 116.621301311532,32.6553535960368;116.62130738618,32.654417972641;116.621970313294,32.654460197706;116.621922307824,32.6553858736043;116.621301311532,32.6553535960368
