B02280N6VS 1819.758740 117.153911630911,32.9648411807723 117.153696248961,32.9650666340519;117.15415101075,32.9650514728196;117.154131020427,32.9646127372773;117.153666241152,32.9646368742217;117.153696248961,32.9650666340519
B02280N6VS 1819.758740 117.153911630911,32.9648411807723 117.153696248961,32.9650666340519;117.15415101075,32.9650514728196;117.154131020427,32.9646127372773;117.153666241152,32.9646368742217;117.153696248961,32.9650666340519
B02280N6VS 1819.758740 117.153911630911,32.9648411807723 117.153696248961,32.9650666340519;117.15415101075,32.9650514728196;117.154131020427,32.9646127372773;117.153666241152,32.9646368742217;117.153696248961,32.9650666340519
B02280N6VS 1819.758740 117.153911630911,32.9648411807723 117.153696248961,32.9650666340519;117.15415101075,32.9650514728196;117.154131020427,32.9646127372773;117.153666241152,32.9646368742217;117.153696248961,32.9650666340519
B02280N6VS 1819.758740 117.153911630911,32.9648411807723 117.153696248961,32.9650666340519;117.15415101075,32.9650514728196;117.154131020427,32.9646127372773;117.153666241152,32.9646368742217;117.153696248961,32.9650666340519
B02280N6VS 1819.758740 117.153911630911,32.9648411807723 117.153696248961,32.9650666340519;117.15415101075,32.9650514728196;117.154131020427,32.9646127372773;117.153666241152,32.9646368742217;117.153696248961,32.9650666340519
B02280N6VS 1819.758740 117.153911630911,32.9648411807723 117.153696248961,32.9650666340519;117.15415101075,32.9650514728196;117.154131020427,32.9646127372773;117.153666241152,32.9646368742217;117.153696248961,32.9650666340519
B02280N6VS 1819.758740 117.153911630911,32.9648411807723 117.153696248961,32.9650666340519;117.15415101075,32.9650514728196;117.154131020427,32.9646127372773;117.153666241152,32.9646368742217;117.153696248961,32.9650666340519
B02280N6VS 1819.758740 117.153911630911,32.9648411807723 117.153696248961,32.9650666340519;117.15415101075,32.9650514728196;117.154131020427,32.9646127372773;117.153666241152,32.9646368742217;117.153696248961,32.9650666340519
B02280N6VS 1819.758740 117.153911630911,32.9648411807723 117.153696248961,32.9650666340519;117.15415101075,32.9650514728196;117.154131020427,32.9646127372773;117.153666241152,32.9646368742217;117.153696248961,32.9650666340519
B02280N6VS 1819.758740 117.153911630911,32.9648411807723 117.153696248961,32.9650666340519;117.15415101075,32.9650514728196;117.154131020427,32.9646127372773;117.153666241152,32.9646368742217;117.153696248961,32.9650666340519
B02280N6VS 1819.758740 117.153911630911,32.9648411807723 117.153696248961,32.9650666340519;117.15415101075,32.9650514728196;117.154131020427,32.9646127372773;117.153666241152,32.9646368742217;117.153696248961,32.9650666340519
B02280N6VS 1819.758740 117.153911630911,32.9648411807723 117.153696248961,32.9650666340519;117.15415101075,32.9650514728196;117.154131020427,32.9646127372773;117.153666241152,32.9646368742217;117.153696248961,32.9650666340519
B02280N6VS 1819.758740 117.153911630911,32.9648411807723 117.153696248961,32.9650666340519;117.15415101075,32.9650514728196;117.154131020427,32.9646127372773;117.153666241152,32.9646368742217;117.153696248961,32.9650666340519
B02280N6VS 1819.758740 117.153911630911,32.9648411807723 117.153696248961,32.9650666340519;117.15415101075,32.9650514728196;117.154131020427,32.9646127372773;117.153666241152,32.9646368742217;117.153696248961,32.9650666340519
B02280N6VS 1819.758740 117.153911630911,32.9648411807723 117.153696248961,32.9650666340519;117.15415101075,32.9650514728196;117.154131020427,32.9646127372773;117.153666241152,32.9646368742217;117.153696248961,32.9650666340519
B02280N6VS 1819.758740 117.153911630911,32.9648411807723 117.153696248961,32.9650666340519;117.15415101075,32.9650514728196;117.154131020427,32.9646127372773;117.153666241152,32.9646368742217;117.153696248961,32.9650666340519
B02280N6VS 1819.758740 117.153911630911,32.9648411807723 117.153696248961,32.9650666340519;117.15415101075,32.9650514728196;117.154131020427,32.9646127372773;117.153666241152,32.9646368742217;117.153696248961,32.9650666340519
B02280N6VS 1819.758740 117.153911630911,32.9648411807723 117.153696248961,32.9650666340519;117.15415101075,32.9650514728196;117.154131020427,32.9646127372773;117.153666241152,32.9646368742217;117.153696248961,32.9650666340519
B02280N6VS 1819.758740 117.153911630911,32.9648411807723 117.153696248961,32.9650666340519;117.15415101075,32.9650514728196;117.154131020427,32.9646127372773;117.153666241152,32.9646368742217;117.153696248961,32.9650666340519
B02280N6VS 1819.758740 117.153911630911,32.9648411807723 117.153696248961,32.9650666340519;117.15415101075,32.9650514728196;117.154131020427,32.9646127372773;117.153666241152,32.9646368742217;117.153696248961,32.9650666340519
B02280N6VS 1819.758740 117.153911630911,32.9648411807723 117.153696248961,32.9650666340519;117.15415101075,32.9650514728196;117.154131020427,32.9646127372773;117.153666241152,32.9646368742217;117.153696248961,32.9650666340519
B02280N6VS 1819.758740 117.153911630911,32.9648411807723 117.153696248961,32.9650666340519;117.15415101075,32.9650514728196;117.154131020427,32.9646127372773;117.153666241152,32.9646368742217;117.153696248961,32.9650666340519
B02280N6VS 1819.758740 117.153911630911,32.9648411807723 117.153696248961,32.9650666340519;117.15415101075,32.9650514728196;117.154131020427,32.9646127372773;117.153666241152,32.9646368742217;117.153696248961,32.9650666340519
B02280N6VS 1819.758740 117.153911630911,32.9648411807723 117.153696248961,32.9650666340519;117.15415101075,32.9650514728196;117.154131020427,32.9646127372773;117.153666241152,32.9646368742217;117.153696248961,32.9650666340519
B02280N6VS 1819.758740 117.153911630911,32.9648411807723 117.153696248961,32.9650666340519;117.15415101075,32.9650514728196;117.154131020427,32.9646127372773;117.153666241152,32.9646368742217;117.153696248961,32.9650666340519
B02280N6VS 1819.758740 117.153911630911,32.9648411807723 117.153696248961,32.9650666340519;117.15415101075,32.9650514728196;117.154131020427,32.9646127372773;117.153666241152,32.9646368742217;117.153696248961,32.9650666340519
B02280N6VS 1819.758740 117.153911630911,32.9648411807723 117.153696248961,32.9650666340519;117.15415101075,32.9650514728196;117.154131020427,32.9646127372773;117.153666241152,32.9646368742217;117.153696248961,32.9650666340519
B02280N6VS 1819.758740 117.153911630911,32.9648411807723 117.153696248961,32.9650666340519;117.15415101075,32.9650514728196;117.154131020427,32.9646127372773;117.153666241152,32.9646368742217;117.153696248961,32.9650666340519
B02280N6VS 1819.758740 117.153911630911,32.9648411807723 117.153696248961,32.9650666340519;117.15415101075,32.9650514728196;117.154131020427,32.9646127372773;117.153666241152,32.9646368742217;117.153696248961,32.9650666340519
B02280N6VS 1819.758740 117.153911630911,32.9648411807723 117.153696248961,32.9650666340519;117.15415101075,32.9650514728196;117.154131020427,32.9646127372773;117.153666241152,32.9646368742217;117.153696248961,32.9650666340519
B02280N6VS 1819.758740 117.153911630911,32.9648411807723 117.153696248961,32.9650666340519;117.15415101075,32.9650514728196;117.154131020427,32.9646127372773;117.153666241152,32.9646368742217;117.153696248961,32.9650666340519
B02280N6VS 1819.758740 117.153911630911,32.9648411807723 117.153696248961,32.9650666340519;117.15415101075,32.9650514728196;117.154131020427,32.9646127372773;117.153666241152,32.9646368742217;117.153696248961,32.9650666340519
B02280N6VS 1819.758740 117.153911630911,32.9648411807723 117.153696248961,32.9650666340519;117.15415101075,32.9650514728196;117.154131020427,32.9646127372773;117.153666241152,32.9646368742217;117.153696248961,32.9650666340519
B02280N6VS 1819.758740 117.153911630911,32.9648411807723 117.153696248961,32.9650666340519;117.15415101075,32.9650514728196;117.154131020427,32.9646127372773;117.153666241152,32.9646368742217;117.153696248961,32.9650666340519
B02280N6VS 1819.758740 117.153911630911,32.9648411807723 117.153696248961,32.9650666340519;117.15415101075,32.9650514728196;117.154131020427,32.9646127372773;117.153666241152,32.9646368742217;117.153696248961,32.9650666340519
B02280N6VS 1819.758740 117.153911630911,32.9648411807723 117.153696248961,32.9650666340519;117.15415101075,32.9650514728196;117.154131020427,32.9646127372773;117.153666241152,32.9646368742217;117.153696248961,32.9650666340519
B02280N6VS 1819.758740 117.153911630911,32.9648411807723 117.153696248961,32.9650666340519;117.15415101075,32.9650514728196;117.154131020427,32.9646127372773;117.153666241152,32.9646368742217;117.153696248961,32.9650666340519
B02280N6VS 1819.758740 117.153911630911,32.9648411807723 117.153696248961,32.9650666340519;117.15415101075,32.9650514728196;117.154131020427,32.9646127372773;117.153666241152,32.9646368742217;117.153696248961,32.9650666340519
B02280N6VS 1819.758740 117.153911630911,32.9648411807723 117.153696248961,32.9650666340519;117.15415101075,32.9650514728196;117.154131020427,32.9646127372773;117.153666241152,32.9646368742217;117.153696248961,32.9650666340519
