B0228014J2 2095.842428 117.319539227844,32.92677877853 117.319194107278,32.9269163485605;117.319199124634,32.9266105433599;117.319378661286,32.9265982072578;117.319900306947,32.9266411776107;117.319904267937,32.9269309762828;117.319592075812,32.9269325743188;117.319524248561,32.9269606856588;117.319312795823,32.9269600916837;117.319276892192,32.9269251838848;117.319194107278,32.9269163485605
B0228014J2 2095.842428 117.319539227844,32.92677877853 117.319194107278,32.9269163485605;117.319199124634,32.9266105433599;117.319378661286,32.9265982072578;117.319900306947,32.9266411776107;117.319904267937,32.9269309762828;117.319592075812,32.9269325743188;117.319524248561,32.9269606856588;117.319312795823,32.9269600916837;117.319276892192,32.9269251838848;117.319194107278,32.9269163485605
B0228014J2 2095.842428 117.319539227844,32.92677877853 117.319194107278,32.9269163485605;117.319199124634,32.9266105433599;117.319378661286,32.9265982072578;117.319900306947,32.9266411776107;117.319904267937,32.9269309762828;117.319592075812,32.9269325743188;117.319524248561,32.9269606856588;117.319312795823,32.9269600916837;117.319276892192,32.9269251838848;117.319194107278,32.9269163485605
B0228014J2 2095.842428 117.319539227844,32.92677877853 117.319194107278,32.9269163485605;117.319199124634,32.9266105433599;117.319378661286,32.9265982072578;117.319900306947,32.9266411776107;117.319904267937,32.9269309762828;117.319592075812,32.9269325743188;117.319524248561,32.9269606856588;117.319312795823,32.9269600916837;117.319276892192,32.9269251838848;117.319194107278,32.9269163485605
B0228014J2 2095.842428 117.319539227844,32.92677877853 117.319194107278,32.9269163485605;117.319199124634,32.9266105433599;117.319378661286,32.9265982072578;117.319900306947,32.9266411776107;117.319904267937,32.9269309762828;117.319592075812,32.9269325743188;117.319524248561,32.9269606856588;117.319312795823,32.9269600916837;117.319276892192,32.9269251838848;117.319194107278,32.9269163485605
B0228014J2 2095.842428 117.319539227844,32.92677877853 117.319194107278,32.9269163485605;117.319199124634,32.9266105433599;117.319378661286,32.9265982072578;117.319900306947,32.9266411776107;117.319904267937,32.9269309762828;117.319592075812,32.9269325743188;117.319524248561,32.9269606856588;117.319312795823,32.9269600916837;117.319276892192,32.9269251838848;117.319194107278,32.9269163485605
B0228014J2 2095.842428 117.319539227844,32.92677877853 117.319194107278,32.9269163485605;117.319199124634,32.9266105433599;117.319378661286,32.9265982072578;117.319900306947,32.9266411776107;117.319904267937,32.9269309762828;117.319592075812,32.9269325743188;117.319524248561,32.9269606856588;117.319312795823,32.9269600916837;117.319276892192,32.9269251838848;117.319194107278,32.9269163485605
B0228014J2 2095.842428 117.319539227844,32.92677877853 117.319194107278,32.9269163485605;117.319199124634,32.9266105433599;117.319378661286,32.9265982072578;117.319900306947,32.9266411776107;117.319904267937,32.9269309762828;117.319592075812,32.9269325743188;117.319524248561,32.9269606856588;117.319312795823,32.9269600916837;117.319276892192,32.9269251838848;117.319194107278,32.9269163485605
B0228014J2 2095.842428 117.319539227844,32.92677877853 117.319194107278,32.9269163485605;117.319199124634,32.9266105433599;117.319378661286,32.9265982072578;117.319900306947,32.9266411776107;117.319904267937,32.9269309762828;117.319592075812,32.9269325743188;117.319524248561,32.9269606856588;117.319312795823,32.9269600916837;117.319276892192,32.9269251838848;117.319194107278,32.9269163485605
B0228014J2 2095.842428 117.319539227844,32.92677877853 117.319194107278,32.9269163485605;117.319199124634,32.9266105433599;117.319378661286,32.9265982072578;117.319900306947,32.9266411776107;117.319904267937,32.9269309762828;117.319592075812,32.9269325743188;117.319524248561,32.9269606856588;117.319312795823,32.9269600916837;117.319276892192,32.9269251838848;117.319194107278,32.9269163485605
B0228014J2 2095.842428 117.319539227844,32.92677877853 117.319194107278,32.9269163485605;117.319199124634,32.9266105433599;117.319378661286,32.9265982072578;117.319900306947,32.9266411776107;117.319904267937,32.9269309762828;117.319592075812,32.9269325743188;117.319524248561,32.9269606856588;117.319312795823,32.9269600916837;117.319276892192,32.9269251838848;117.319194107278,32.9269163485605
B0228014J2 2095.842428 117.319539227844,32.92677877853 117.319194107278,32.9269163485605;117.319199124634,32.9266105433599;117.319378661286,32.9265982072578;117.319900306947,32.9266411776107;117.319904267937,32.9269309762828;117.319592075812,32.9269325743188;117.319524248561,32.9269606856588;117.319312795823,32.9269600916837;117.319276892192,32.9269251838848;117.319194107278,32.9269163485605
B0228014J2 2095.842428 117.319539227844,32.92677877853 117.319194107278,32.9269163485605;117.319199124634,32.9266105433599;117.319378661286,32.9265982072578;117.319900306947,32.9266411776107;117.319904267937,32.9269309762828;117.319592075812,32.9269325743188;117.319524248561,32.9269606856588;117.319312795823,32.9269600916837;117.319276892192,32.9269251838848;117.319194107278,32.9269163485605
B0228014J2 2095.842428 117.319539227844,32.92677877853 117.319194107278,32.9269163485605;117.319199124634,32.9266105433599;117.319378661286,32.9265982072578;117.319900306947,32.9266411776107;117.319904267937,32.9269309762828;117.319592075812,32.9269325743188;117.319524248561,32.9269606856588;117.319312795823,32.9269600916837;117.319276892192,32.9269251838848;117.319194107278,32.9269163485605
B0228014J2 2095.842428 117.319539227844,32.92677877853 117.319194107278,32.9269163485605;117.319199124634,32.9266105433599;117.319378661286,32.9265982072578;117.319900306947,32.9266411776107;117.319904267937,32.9269309762828;117.319592075812,32.9269325743188;117.319524248561,32.9269606856588;117.319312795823,32.9269600916837;117.319276892192,32.9269251838848;117.319194107278,32.9269163485605
B0228014J2 2095.842428 117.319539227844,32.92677877853 117.319194107278,32.9269163485605;117.319199124634,32.9266105433599;117.319378661286,32.9265982072578;117.319900306947,32.9266411776107;117.319904267937,32.9269309762828;117.319592075812,32.9269325743188;117.319524248561,32.9269606856588;117.319312795823,32.9269600916837;117.319276892192,32.9269251838848;117.319194107278,32.9269163485605
B0228014J2 2095.842428 117.319539227844,32.92677877853 117.319194107278,32.9269163485605;117.319199124634,32.9266105433599;117.319378661286,32.9265982072578;117.319900306947,32.9266411776107;117.319904267937,32.9269309762828;117.319592075812,32.9269325743188;117.319524248561,32.9269606856588;117.319312795823,32.9269600916837;117.319276892192,32.9269251838848;117.319194107278,32.9269163485605
B0228014J2 2095.842428 117.319539227844,32.92677877853 117.319194107278,32.9269163485605;117.319199124634,32.9266105433599;117.319378661286,32.9265982072578;117.319900306947,32.9266411776107;117.319904267937,32.9269309762828;117.319592075812,32.9269325743188;117.319524248561,32.9269606856588;117.319312795823,32.9269600916837;117.319276892192,32.9269251838848;117.319194107278,32.9269163485605
B0228014J2 2095.842428 117.319539227844,32.92677877853 117.319194107278,32.9269163485605;117.319199124634,32.9266105433599;117.319378661286,32.9265982072578;117.319900306947,32.9266411776107;117.319904267937,32.9269309762828;117.319592075812,32.9269325743188;117.319524248561,32.9269606856588;117.319312795823,32.9269600916837;117.319276892192,32.9269251838848;117.319194107278,32.9269163485605
B0228014J2 2095.842428 117.319539227844,32.92677877853 117.319194107278,32.9269163485605;117.319199124634,32.9266105433599;117.319378661286,32.9265982072578;117.319900306947,32.9266411776107;117.319904267937,32.9269309762828;117.319592075812,32.9269325743188;117.319524248561,32.9269606856588;117.319312795823,32.9269600916837;117.319276892192,32.9269251838848;117.319194107278,32.9269163485605
B0228014J2 2095.842428 117.319539227844,32.92677877853 117.319194107278,32.9269163485605;117.319199124634,32.9266105433599;117.319378661286,32.9265982072578;117.319900306947,32.9266411776107;117.319904267937,32.9269309762828;117.319592075812,32.9269325743188;117.319524248561,32.9269606856588;117.319312795823,32.9269600916837;117.319276892192,32.9269251838848;117.319194107278,32.9269163485605
B0228014J2 2095.842428 117.319539227844,32.92677877853 117.319194107278,32.9269163485605;117.319199124634,32.9266105433599;117.319378661286,32.9265982072578;117.319900306947,32.9266411776107;117.319904267937,32.9269309762828;117.319592075812,32.9269325743188;117.319524248561,32.9269606856588;117.319312795823,32.9269600916837;117.319276892192,32.9269251838848;117.319194107278,32.9269163485605
B0228014J2 2095.842428 117.319539227844,32.92677877853 117.319194107278,32.9269163485605;117.319199124634,32.9266105433599;117.319378661286,32.9265982072578;117.319900306947,32.9266411776107;117.319904267937,32.9269309762828;117.319592075812,32.9269325743188;117.319524248561,32.9269606856588;117.319312795823,32.9269600916837;117.319276892192,32.9269251838848;117.319194107278,32.9269163485605
B0228014J2 2095.842428 117.319539227844,32.92677877853 117.319194107278,32.9269163485605;117.319199124634,32.9266105433599;117.319378661286,32.9265982072578;117.319900306947,32.9266411776107;117.319904267937,32.9269309762828;117.319592075812,32.9269325743188;117.319524248561,32.9269606856588;117.319312795823,32.9269600916837;117.319276892192,32.9269251838848;117.319194107278,32.9269163485605
B0228014J2 2095.842428 117.319539227844,32.92677877853 117.319194107278,32.9269163485605;117.319199124634,32.9266105433599;117.319378661286,32.9265982072578;117.319900306947,32.9266411776107;117.319904267937,32.9269309762828;117.319592075812,32.9269325743188;117.319524248561,32.9269606856588;117.319312795823,32.9269600916837;117.319276892192,32.9269251838848;117.319194107278,32.9269163485605
B0228014J2 2095.842428 117.319539227844,32.92677877853 117.319194107278,32.9269163485605;117.319199124634,32.9266105433599;117.319378661286,32.9265982072578;117.319900306947,32.9266411776107;117.319904267937,32.9269309762828;117.319592075812,32.9269325743188;117.319524248561,32.9269606856588;117.319312795823,32.9269600916837;117.319276892192,32.9269251838848;117.319194107278,32.9269163485605
B0228014J2 2095.842428 117.319539227844,32.92677877853 117.319194107278,32.9269163485605;117.319199124634,32.9266105433599;117.319378661286,32.9265982072578;117.319900306947,32.9266411776107;117.319904267937,32.9269309762828;117.319592075812,32.9269325743188;117.319524248561,32.9269606856588;117.319312795823,32.9269600916837;117.319276892192,32.9269251838848;117.319194107278,32.9269163485605
B0228014J2 2095.842428 117.319539227844,32.92677877853 117.319194107278,32.9269163485605;117.319199124634,32.9266105433599;117.319378661286,32.9265982072578;117.319900306947,32.9266411776107;117.319904267937,32.9269309762828;117.319592075812,32.9269325743188;117.319524248561,32.9269606856588;117.319312795823,32.9269600916837;117.319276892192,32.9269251838848;117.319194107278,32.9269163485605
B0228014J2 2095.842428 117.319539227844,32.92677877853 117.319194107278,32.9269163485605;117.319199124634,32.9266105433599;117.319378661286,32.9265982072578;117.319900306947,32.9266411776107;117.319904267937,32.9269309762828;117.319592075812,32.9269325743188;117.319524248561,32.9269606856588;117.319312795823,32.9269600916837;117.319276892192,32.9269251838848;117.319194107278,32.9269163485605
B0228014J2 2095.842428 117.319539227844,32.92677877853 117.319194107278,32.9269163485605;117.319199124634,32.9266105433599;117.319378661286,32.9265982072578;117.319900306947,32.9266411776107;117.319904267937,32.9269309762828;117.319592075812,32.9269325743188;117.319524248561,32.9269606856588;117.319312795823,32.9269600916837;117.319276892192,32.9269251838848;117.319194107278,32.9269163485605
B0228014J2 2095.842428 117.319539227844,32.92677877853 117.319194107278,32.9269163485605;117.319199124634,32.9266105433599;117.319378661286,32.9265982072578;117.319900306947,32.9266411776107;117.319904267937,32.9269309762828;117.319592075812,32.9269325743188;117.319524248561,32.9269606856588;117.319312795823,32.9269600916837;117.319276892192,32.9269251838848;117.319194107278,32.9269163485605
B0228014J2 2095.842428 117.319539227844,32.92677877853 117.319194107278,32.9269163485605;117.319199124634,32.9266105433599;117.319378661286,32.9265982072578;117.319900306947,32.9266411776107;117.319904267937,32.9269309762828;117.319592075812,32.9269325743188;117.319524248561,32.9269606856588;117.319312795823,32.9269600916837;117.319276892192,32.9269251838848;117.319194107278,32.9269163485605
B0228014J2 2095.842428 117.319539227844,32.92677877853 117.319194107278,32.9269163485605;117.319199124634,32.9266105433599;117.319378661286,32.9265982072578;117.319900306947,32.9266411776107;117.319904267937,32.9269309762828;117.319592075812,32.9269325743188;117.319524248561,32.9269606856588;117.319312795823,32.9269600916837;117.319276892192,32.9269251838848;117.319194107278,32.9269163485605
B0228014J2 2095.842428 117.319539227844,32.92677877853 117.319194107278,32.9269163485605;117.319199124634,32.9266105433599;117.319378661286,32.9265982072578;117.319900306947,32.9266411776107;117.319904267937,32.9269309762828;117.319592075812,32.9269325743188;117.319524248561,32.9269606856588;117.319312795823,32.9269600916837;117.319276892192,32.9269251838848;117.319194107278,32.9269163485605
B0228014J2 2095.842428 117.319539227844,32.92677877853 117.319194107278,32.9269163485605;117.319199124634,32.9266105433599;117.319378661286,32.9265982072578;117.319900306947,32.9266411776107;117.319904267937,32.9269309762828;117.319592075812,32.9269325743188;117.319524248561,32.9269606856588;117.319312795823,32.9269600916837;117.319276892192,32.9269251838848;117.319194107278,32.9269163485605
B0228014J2 2095.842428 117.319539227844,32.92677877853 117.319194107278,32.9269163485605;117.319199124634,32.9266105433599;117.319378661286,32.9265982072578;117.319900306947,32.9266411776107;117.319904267937,32.9269309762828;117.319592075812,32.9269325743188;117.319524248561,32.9269606856588;117.319312795823,32.9269600916837;117.319276892192,32.9269251838848;117.319194107278,32.9269163485605
B0228014J2 2095.842428 117.319539227844,32.92677877853 117.319194107278,32.9269163485605;117.319199124634,32.9266105433599;117.319378661286,32.9265982072578;117.319900306947,32.9266411776107;117.319904267937,32.9269309762828;117.319592075812,32.9269325743188;117.319524248561,32.9269606856588;117.319312795823,32.9269600916837;117.319276892192,32.9269251838848;117.319194107278,32.9269163485605
B0228014J2 2095.842428 117.319539227844,32.92677877853 117.319194107278,32.9269163485605;117.319199124634,32.9266105433599;117.319378661286,32.9265982072578;117.319900306947,32.9266411776107;117.319904267937,32.9269309762828;117.319592075812,32.9269325743188;117.319524248561,32.9269606856588;117.319312795823,32.9269600916837;117.319276892192,32.9269251838848;117.319194107278,32.9269163485605
B0228014J2 2095.842428 117.319539227844,32.92677877853 117.319194107278,32.9269163485605;117.319199124634,32.9266105433599;117.319378661286,32.9265982072578;117.319900306947,32.9266411776107;117.319904267937,32.9269309762828;117.319592075812,32.9269325743188;117.319524248561,32.9269606856588;117.319312795823,32.9269600916837;117.319276892192,32.9269251838848;117.319194107278,32.9269163485605
B0228014J2 2095.842428 117.319539227844,32.92677877853 117.319194107278,32.9269163485605;117.319199124634,32.9266105433599;117.319378661286,32.9265982072578;117.319900306947,32.9266411776107;117.319904267937,32.9269309762828;117.319592075812,32.9269325743188;117.319524248561,32.9269606856588;117.319312795823,32.9269600916837;117.319276892192,32.9269251838848;117.319194107278,32.9269163485605
