B022A0OAG0 1688.988722 117.083973225294,32.6176883987626 117.083747439894,32.6177794539159;117.083832339343,32.6179453603087;117.083973205505,32.6178913251759;117.084254938978,32.6178042499669;117.084215995084,32.6176163326473;117.084153071881,32.6174564142428;117.083969245894,32.6175174622473;117.083954260839,32.6175154687527;117.083917305269,32.6174335127468;117.083824394641,32.6174595395571;117.083866344694,32.6175454920078;117.083669534324,32.617608546832;117.083747439894,32.6177794539159
B022A0OAG0 1688.988722 117.083973225294,32.6176883987626 117.083747439894,32.6177794539159;117.083832339343,32.6179453603087;117.083973205505,32.6178913251759;117.084254938978,32.6178042499669;117.084215995084,32.6176163326473;117.084153071881,32.6174564142428;117.083969245894,32.6175174622473;117.083954260839,32.6175154687527;117.083917305269,32.6174335127468;117.083824394641,32.6174595395571;117.083866344694,32.6175454920078;117.083669534324,32.617608546832;117.083747439894,32.6177794539159
B022A0OAG0 1688.988722 117.083973225294,32.6176883987626 117.083747439894,32.6177794539159;117.083832339343,32.6179453603087;117.083973205505,32.6178913251759;117.084254938978,32.6178042499669;117.084215995084,32.6176163326473;117.084153071881,32.6174564142428;117.083969245894,32.6175174622473;117.083954260839,32.6175154687527;117.083917305269,32.6174335127468;117.083824394641,32.6174595395571;117.083866344694,32.6175454920078;117.083669534324,32.617608546832;117.083747439894,32.6177794539159
B022A0OAG0 1688.988722 117.083973225294,32.6176883987626 117.083747439894,32.6177794539159;117.083832339343,32.6179453603087;117.083973205505,32.6178913251759;117.084254938978,32.6178042499669;117.084215995084,32.6176163326473;117.084153071881,32.6174564142428;117.083969245894,32.6175174622473;117.083954260839,32.6175154687527;117.083917305269,32.6174335127468;117.083824394641,32.6174595395571;117.083866344694,32.6175454920078;117.083669534324,32.617608546832;117.083747439894,32.6177794539159
B022A0OAG0 1688.988722 117.083973225294,32.6176883987626 117.083747439894,32.6177794539159;117.083832339343,32.6179453603087;117.083973205505,32.6178913251759;117.084254938978,32.6178042499669;117.084215995084,32.6176163326473;117.084153071881,32.6174564142428;117.083969245894,32.6175174622473;117.083954260839,32.6175154687527;117.083917305269,32.6174335127468;117.083824394641,32.6174595395571;117.083866344694,32.6175454920078;117.083669534324,32.617608546832;117.083747439894,32.6177794539159
B022A0OAG0 1688.988722 117.083973225294,32.6176883987626 117.083747439894,32.6177794539159;117.083832339343,32.6179453603087;117.083973205505,32.6178913251759;117.084254938978,32.6178042499669;117.084215995084,32.6176163326473;117.084153071881,32.6174564142428;117.083969245894,32.6175174622473;117.083954260839,32.6175154687527;117.083917305269,32.6174335127468;117.083824394641,32.6174595395571;117.083866344694,32.6175454920078;117.083669534324,32.617608546832;117.083747439894,32.6177794539159
B022A0OAG0 1688.988722 117.083973225294,32.6176883987626 117.083747439894,32.6177794539159;117.083832339343,32.6179453603087;117.083973205505,32.6178913251759;117.084254938978,32.6178042499669;117.084215995084,32.6176163326473;117.084153071881,32.6174564142428;117.083969245894,32.6175174622473;117.083954260839,32.6175154687527;117.083917305269,32.6174335127468;117.083824394641,32.6174595395571;117.083866344694,32.6175454920078;117.083669534324,32.617608546832;117.083747439894,32.6177794539159
B022A0OAG0 1688.988722 117.083973225294,32.6176883987626 117.083747439894,32.6177794539159;117.083832339343,32.6179453603087;117.083973205505,32.6178913251759;117.084254938978,32.6178042499669;117.084215995084,32.6176163326473;117.084153071881,32.6174564142428;117.083969245894,32.6175174622473;117.083954260839,32.6175154687527;117.083917305269,32.6174335127468;117.083824394641,32.6174595395571;117.083866344694,32.6175454920078;117.083669534324,32.617608546832;117.083747439894,32.6177794539159
B022A0OAG0 1688.988722 117.083973225294,32.6176883987626 117.083747439894,32.6177794539159;117.083832339343,32.6179453603087;117.083973205505,32.6178913251759;117.084254938978,32.6178042499669;117.084215995084,32.6176163326473;117.084153071881,32.6174564142428;117.083969245894,32.6175174622473;117.083954260839,32.6175154687527;117.083917305269,32.6174335127468;117.083824394641,32.6174595395571;117.083866344694,32.6175454920078;117.083669534324,32.617608546832;117.083747439894,32.6177794539159
B022A0OAG0 1688.988722 117.083973225294,32.6176883987626 117.083747439894,32.6177794539159;117.083832339343,32.6179453603087;117.083973205505,32.6178913251759;117.084254938978,32.6178042499669;117.084215995084,32.6176163326473;117.084153071881,32.6174564142428;117.083969245894,32.6175174622473;117.083954260839,32.6175154687527;117.083917305269,32.6174335127468;117.083824394641,32.6174595395571;117.083866344694,32.6175454920078;117.083669534324,32.617608546832;117.083747439894,32.6177794539159
B022A0OAG0 1688.988722 117.083973225294,32.6176883987626 117.083747439894,32.6177794539159;117.083832339343,32.6179453603087;117.083973205505,32.6178913251759;117.084254938978,32.6178042499669;117.084215995084,32.6176163326473;117.084153071881,32.6174564142428;117.083969245894,32.6175174622473;117.083954260839,32.6175154687527;117.083917305269,32.6174335127468;117.083824394641,32.6174595395571;117.083866344694,32.6175454920078;117.083669534324,32.617608546832;117.083747439894,32.6177794539159
B022A0OAG0 1688.988722 117.083973225294,32.6176883987626 117.083747439894,32.6177794539159;117.083832339343,32.6179453603087;117.083973205505,32.6178913251759;117.084254938978,32.6178042499669;117.084215995084,32.6176163326473;117.084153071881,32.6174564142428;117.083969245894,32.6175174622473;117.083954260839,32.6175154687527;117.083917305269,32.6174335127468;117.083824394641,32.6174595395571;117.083866344694,32.6175454920078;117.083669534324,32.617608546832;117.083747439894,32.6177794539159
B022A0OAG0 1688.988722 117.083973225294,32.6176883987626 117.083747439894,32.6177794539159;117.083832339343,32.6179453603087;117.083973205505,32.6178913251759;117.084254938978,32.6178042499669;117.084215995084,32.6176163326473;117.084153071881,32.6174564142428;117.083969245894,32.6175174622473;117.083954260839,32.6175154687527;117.083917305269,32.6174335127468;117.083824394641,32.6174595395571;117.083866344694,32.6175454920078;117.083669534324,32.617608546832;117.083747439894,32.6177794539159
B022A0OAG0 1688.988722 117.083973225294,32.6176883987626 117.083747439894,32.6177794539159;117.083832339343,32.6179453603087;117.083973205505,32.6178913251759;117.084254938978,32.6178042499669;117.084215995084,32.6176163326473;117.084153071881,32.6174564142428;117.083969245894,32.6175174622473;117.083954260839,32.6175154687527;117.083917305269,32.6174335127468;117.083824394641,32.6174595395571;117.083866344694,32.6175454920078;117.083669534324,32.617608546832;117.083747439894,32.6177794539159
B022A0OAG0 1688.988722 117.083973225294,32.6176883987626 117.083747439894,32.6177794539159;117.083832339343,32.6179453603087;117.083973205505,32.6178913251759;117.084254938978,32.6178042499669;117.084215995084,32.6176163326473;117.084153071881,32.6174564142428;117.083969245894,32.6175174622473;117.083954260839,32.6175154687527;117.083917305269,32.6174335127468;117.083824394641,32.6174595395571;117.083866344694,32.6175454920078;117.083669534324,32.617608546832;117.083747439894,32.6177794539159
B022A0OAG0 1688.988722 117.083973225294,32.6176883987626 117.083747439894,32.6177794539159;117.083832339343,32.6179453603087;117.083973205505,32.6178913251759;117.084254938978,32.6178042499669;117.084215995084,32.6176163326473;117.084153071881,32.6174564142428;117.083969245894,32.6175174622473;117.083954260839,32.6175154687527;117.083917305269,32.6174335127468;117.083824394641,32.6174595395571;117.083866344694,32.6175454920078;117.083669534324,32.617608546832;117.083747439894,32.6177794539159
B022A0OAG0 1688.988722 117.083973225294,32.6176883987626 117.083747439894,32.6177794539159;117.083832339343,32.6179453603087;117.083973205505,32.6178913251759;117.084254938978,32.6178042499669;117.084215995084,32.6176163326473;117.084153071881,32.6174564142428;117.083969245894,32.6175174622473;117.083954260839,32.6175154687527;117.083917305269,32.6174335127468;117.083824394641,32.6174595395571;117.083866344694,32.6175454920078;117.083669534324,32.617608546832;117.083747439894,32.6177794539159
B022A0OAG0 1688.988722 117.083973225294,32.6176883987626 117.083747439894,32.6177794539159;117.083832339343,32.6179453603087;117.083973205505,32.6178913251759;117.084254938978,32.6178042499669;117.084215995084,32.6176163326473;117.084153071881,32.6174564142428;117.083969245894,32.6175174622473;117.083954260839,32.6175154687527;117.083917305269,32.6174335127468;117.083824394641,32.6174595395571;117.083866344694,32.6175454920078;117.083669534324,32.617608546832;117.083747439894,32.6177794539159
B022A0OAG0 1688.988722 117.083973225294,32.6176883987626 117.083747439894,32.6177794539159;117.083832339343,32.6179453603087;117.083973205505,32.6178913251759;117.084254938978,32.6178042499669;117.084215995084,32.6176163326473;117.084153071881,32.6174564142428;117.083969245894,32.6175174622473;117.083954260839,32.6175154687527;117.083917305269,32.6174335127468;117.083824394641,32.6174595395571;117.083866344694,32.6175454920078;117.083669534324,32.617608546832;117.083747439894,32.6177794539159
B022A0OAG0 1688.988722 117.083973225294,32.6176883987626 117.083747439894,32.6177794539159;117.083832339343,32.6179453603087;117.083973205505,32.6178913251759;117.084254938978,32.6178042499669;117.084215995084,32.6176163326473;117.084153071881,32.6174564142428;117.083969245894,32.6175174622473;117.083954260839,32.6175154687527;117.083917305269,32.6174335127468;117.083824394641,32.6174595395571;117.083866344694,32.6175454920078;117.083669534324,32.617608546832;117.083747439894,32.6177794539159
B022A0OAG0 1688.988722 117.083973225294,32.6176883987626 117.083747439894,32.6177794539159;117.083832339343,32.6179453603087;117.083973205505,32.6178913251759;117.084254938978,32.6178042499669;117.084215995084,32.6176163326473;117.084153071881,32.6174564142428;117.083969245894,32.6175174622473;117.083954260839,32.6175154687527;117.083917305269,32.6174335127468;117.083824394641,32.6174595395571;117.083866344694,32.6175454920078;117.083669534324,32.617608546832;117.083747439894,32.6177794539159
B022A0OAG0 1688.988722 117.083973225294,32.6176883987626 117.083747439894,32.6177794539159;117.083832339343,32.6179453603087;117.083973205505,32.6178913251759;117.084254938978,32.6178042499669;117.084215995084,32.6176163326473;117.084153071881,32.6174564142428;117.083969245894,32.6175174622473;117.083954260839,32.6175154687527;117.083917305269,32.6174335127468;117.083824394641,32.6174595395571;117.083866344694,32.6175454920078;117.083669534324,32.617608546832;117.083747439894,32.6177794539159
B022A0OAG0 1688.988722 117.083973225294,32.6176883987626 117.083747439894,32.6177794539159;117.083832339343,32.6179453603087;117.083973205505,32.6178913251759;117.084254938978,32.6178042499669;117.084215995084,32.6176163326473;117.084153071881,32.6174564142428;117.083969245894,32.6175174622473;117.083954260839,32.6175154687527;117.083917305269,32.6174335127468;117.083824394641,32.6174595395571;117.083866344694,32.6175454920078;117.083669534324,32.617608546832;117.083747439894,32.6177794539159
B022A0OAG0 1688.988722 117.083973225294,32.6176883987626 117.083747439894,32.6177794539159;117.083832339343,32.6179453603087;117.083973205505,32.6178913251759;117.084254938978,32.6178042499669;117.084215995084,32.6176163326473;117.084153071881,32.6174564142428;117.083969245894,32.6175174622473;117.083954260839,32.6175154687527;117.083917305269,32.6174335127468;117.083824394641,32.6174595395571;117.083866344694,32.6175454920078;117.083669534324,32.617608546832;117.083747439894,32.6177794539159
B022A0OAG0 1688.988722 117.083973225294,32.6176883987626 117.083747439894,32.6177794539159;117.083832339343,32.6179453603087;117.083973205505,32.6178913251759;117.084254938978,32.6178042499669;117.084215995084,32.6176163326473;117.084153071881,32.6174564142428;117.083969245894,32.6175174622473;117.083954260839,32.6175154687527;117.083917305269,32.6174335127468;117.083824394641,32.6174595395571;117.083866344694,32.6175454920078;117.083669534324,32.617608546832;117.083747439894,32.6177794539159
B022A0OAG0 1688.988722 117.083973225294,32.6176883987626 117.083747439894,32.6177794539159;117.083832339343,32.6179453603087;117.083973205505,32.6178913251759;117.084254938978,32.6178042499669;117.084215995084,32.6176163326473;117.084153071881,32.6174564142428;117.083969245894,32.6175174622473;117.083954260839,32.6175154687527;117.083917305269,32.6174335127468;117.083824394641,32.6174595395571;117.083866344694,32.6175454920078;117.083669534324,32.617608546832;117.083747439894,32.6177794539159
B022A0OAG0 1688.988722 117.083973225294,32.6176883987626 117.083747439894,32.6177794539159;117.083832339343,32.6179453603087;117.083973205505,32.6178913251759;117.084254938978,32.6178042499669;117.084215995084,32.6176163326473;117.084153071881,32.6174564142428;117.083969245894,32.6175174622473;117.083954260839,32.6175154687527;117.083917305269,32.6174335127468;117.083824394641,32.6174595395571;117.083866344694,32.6175454920078;117.083669534324,32.617608546832;117.083747439894,32.6177794539159
B022A0OAG0 1688.988722 117.083973225294,32.6176883987626 117.083747439894,32.6177794539159;117.083832339343,32.6179453603087;117.083973205505,32.6178913251759;117.084254938978,32.6178042499669;117.084215995084,32.6176163326473;117.084153071881,32.6174564142428;117.083969245894,32.6175174622473;117.083954260839,32.6175154687527;117.083917305269,32.6174335127468;117.083824394641,32.6174595395571;117.083866344694,32.6175454920078;117.083669534324,32.617608546832;117.083747439894,32.6177794539159
B022A0OAG0 1688.988722 117.083973225294,32.6176883987626 117.083747439894,32.6177794539159;117.083832339343,32.6179453603087;117.083973205505,32.6178913251759;117.084254938978,32.6178042499669;117.084215995084,32.6176163326473;117.084153071881,32.6174564142428;117.083969245894,32.6175174622473;117.083954260839,32.6175154687527;117.083917305269,32.6174335127468;117.083824394641,32.6174595395571;117.083866344694,32.6175454920078;117.083669534324,32.617608546832;117.083747439894,32.6177794539159
B022A0OAG0 1688.988722 117.083973225294,32.6176883987626 117.083747439894,32.6177794539159;117.083832339343,32.6179453603087;117.083973205505,32.6178913251759;117.084254938978,32.6178042499669;117.084215995084,32.6176163326473;117.084153071881,32.6174564142428;117.083969245894,32.6175174622473;117.083954260839,32.6175154687527;117.083917305269,32.6174335127468;117.083824394641,32.6174595395571;117.083866344694,32.6175454920078;117.083669534324,32.617608546832;117.083747439894,32.6177794539159
B022A0OAG0 1688.988722 117.083973225294,32.6176883987626 117.083747439894,32.6177794539159;117.083832339343,32.6179453603087;117.083973205505,32.6178913251759;117.084254938978,32.6178042499669;117.084215995084,32.6176163326473;117.084153071881,32.6174564142428;117.083969245894,32.6175174622473;117.083954260839,32.6175154687527;117.083917305269,32.6174335127468;117.083824394641,32.6174595395571;117.083866344694,32.6175454920078;117.083669534324,32.617608546832;117.083747439894,32.6177794539159
B022A0OAG0 1688.988722 117.083973225294,32.6176883987626 117.083747439894,32.6177794539159;117.083832339343,32.6179453603087;117.083973205505,32.6178913251759;117.084254938978,32.6178042499669;117.084215995084,32.6176163326473;117.084153071881,32.6174564142428;117.083969245894,32.6175174622473;117.083954260839,32.6175154687527;117.083917305269,32.6174335127468;117.083824394641,32.6174595395571;117.083866344694,32.6175454920078;117.083669534324,32.617608546832;117.083747439894,32.6177794539159
B022A0OAG0 1688.988722 117.083973225294,32.6176883987626 117.083747439894,32.6177794539159;117.083832339343,32.6179453603087;117.083973205505,32.6178913251759;117.084254938978,32.6178042499669;117.084215995084,32.6176163326473;117.084153071881,32.6174564142428;117.083969245894,32.6175174622473;117.083954260839,32.6175154687527;117.083917305269,32.6174335127468;117.083824394641,32.6174595395571;117.083866344694,32.6175454920078;117.083669534324,32.617608546832;117.083747439894,32.6177794539159
B022A0OAG0 1688.988722 117.083973225294,32.6176883987626 117.083747439894,32.6177794539159;117.083832339343,32.6179453603087;117.083973205505,32.6178913251759;117.084254938978,32.6178042499669;117.084215995084,32.6176163326473;117.084153071881,32.6174564142428;117.083969245894,32.6175174622473;117.083954260839,32.6175154687527;117.083917305269,32.6174335127468;117.083824394641,32.6174595395571;117.083866344694,32.6175454920078;117.083669534324,32.617608546832;117.083747439894,32.6177794539159
B022A0OAG0 1688.988722 117.083973225294,32.6176883987626 117.083747439894,32.6177794539159;117.083832339343,32.6179453603087;117.083973205505,32.6178913251759;117.084254938978,32.6178042499669;117.084215995084,32.6176163326473;117.084153071881,32.6174564142428;117.083969245894,32.6175174622473;117.083954260839,32.6175154687527;117.083917305269,32.6174335127468;117.083824394641,32.6174595395571;117.083866344694,32.6175454920078;117.083669534324,32.617608546832;117.083747439894,32.6177794539159
B022A0OAG0 1688.988722 117.083973225294,32.6176883987626 117.083747439894,32.6177794539159;117.083832339343,32.6179453603087;117.083973205505,32.6178913251759;117.084254938978,32.6178042499669;117.084215995084,32.6176163326473;117.084153071881,32.6174564142428;117.083969245894,32.6175174622473;117.083954260839,32.6175154687527;117.083917305269,32.6174335127468;117.083824394641,32.6174595395571;117.083866344694,32.6175454920078;117.083669534324,32.617608546832;117.083747439894,32.6177794539159
B022A0OAG0 1688.988722 117.083973225294,32.6176883987626 117.083747439894,32.6177794539159;117.083832339343,32.6179453603087;117.083973205505,32.6178913251759;117.084254938978,32.6178042499669;117.084215995084,32.6176163326473;117.084153071881,32.6174564142428;117.083969245894,32.6175174622473;117.083954260839,32.6175154687527;117.083917305269,32.6174335127468;117.083824394641,32.6174595395571;117.083866344694,32.6175454920078;117.083669534324,32.617608546832;117.083747439894,32.6177794539159
B022A0OAG0 1688.988722 117.083973225294,32.6176883987626 117.083747439894,32.6177794539159;117.083832339343,32.6179453603087;117.083973205505,32.6178913251759;117.084254938978,32.6178042499669;117.084215995084,32.6176163326473;117.084153071881,32.6174564142428;117.083969245894,32.6175174622473;117.083954260839,32.6175154687527;117.083917305269,32.6174335127468;117.083824394641,32.6174595395571;117.083866344694,32.6175454920078;117.083669534324,32.617608546832;117.083747439894,32.6177794539159
B022A0OAG0 1688.988722 117.083973225294,32.6176883987626 117.083747439894,32.6177794539159;117.083832339343,32.6179453603087;117.083973205505,32.6178913251759;117.084254938978,32.6178042499669;117.084215995084,32.6176163326473;117.084153071881,32.6174564142428;117.083969245894,32.6175174622473;117.083954260839,32.6175154687527;117.083917305269,32.6174335127468;117.083824394641,32.6174595395571;117.083866344694,32.6175454920078;117.083669534324,32.617608546832;117.083747439894,32.6177794539159
B022A0OAG0 1688.988722 117.083973225294,32.6176883987626 117.083747439894,32.6177794539159;117.083832339343,32.6179453603087;117.083973205505,32.6178913251759;117.084254938978,32.6178042499669;117.084215995084,32.6176163326473;117.084153071881,32.6174564142428;117.083969245894,32.6175174622473;117.083954260839,32.6175154687527;117.083917305269,32.6174335127468;117.083824394641,32.6174595395571;117.083866344694,32.6175454920078;117.083669534324,32.617608546832;117.083747439894,32.6177794539159
